Presence	NestID	EchtNest	Par	nrPar	Prey	pred	Cluster	Cluster_real	Date	DayCount	Day	x	y
1	1	0	0	0	0	0.648013448	3	0	28/06/2016	1	1	23253.494	197867.228
1	2	1	0	0	0	0.638085982	11	11	28/06/2016	1	1	23245.619	197864.259
1	3	0	0	0	0	0.697442468	11	0	28/06/2016	1	1	23244.699	197866.332
1	4	0	0	0	0	0.526833434	3	0	28/06/2016	1	1	23255.352	197874.529
1	5	1	1	1	3	0.494159632	11	11	28/06/2016	1	1	23239.572	197870.415
1	6	0	0	0	0	0.62120283	11	0	28/06/2016	1	1	23243.348	197864.423
1	7	0	0	0	0	0.732932382	3	0	28/06/2016	1	1	23250.061	197866.869
1	8	0	0	0	0	0.733084073	3	0	28/06/2016	1	1	23248.72	197866.958
1	9	0	0	0	0	0.564784292	4	0	28/06/2016	1	1	23282.941	197875.959
1	10	0	0	0	0	0.565419252	4	0	28/06/2016	1	1	23282.997	197875.728
1	11	0	0	0	0	0.731104162	3	0	28/06/2016	1	1	23250.096	197866.919
1	12	1	0	0	0	0.558147205	3	10	28/06/2016	1	1	23250.547	197868.092
1	13	1	0	0	0	0.825646183	3	10	28/06/2016	1	1	23256.358	197867.049
1	14	1	0	0	0	0.817707306	3	10	28/06/2016	1	1	23255.779	197867.479
1	15	0	0	0	0	0.634043947	11	0	28/06/2016	1	1	23239.683	197868.569
1	16	0	0	0	0	0.620517617	11	0	28/06/2016	1	1	23238.186	197869.009
1	17	0	0	0	0	0.611781416	11	0	28/06/2016	1	1	23242.837	197864.061
1	18	1	0	0	0	0.70594676	3	10	28/06/2016	1	1	23257.832	197866.355
1	19	0	0	0	0	0.623602411	11	0	28/06/2016	1	1	23243.509	197864.401
1	20	0	0	0	0	0.738485146	10	0	28/06/2016	1	1	23265.126	197877.994
1	21	0	0	0	0	0.740242797	10	0	28/06/2016	1	1	23264.883	197878.066
1	22	1	0	0	0	0.688895901	11	11	28/06/2016	1	1	23244.368	197864.926
1	23	1	0	0	0	0.669020613	11	11	28/06/2016	1	1	23243.702	197867.891
1	24	1	1	1	0	0.497709035	3	10	28/06/2016	1	1	23255.462	197875.77
1	25	0	0	0	0	0.621494824	11	0	28/06/2016	1	1	23239.488	197869.128
1	26	0	0	0	0	0.73018909	3	0	28/06/2016	1	1	23253.85	197866.423
1	27	1	0	0	0	0.723082984	10	11	28/06/2016	1	1	23264.598	197877.116
1	28	0	0	0	0	0.727230018	10	0	28/06/2016	1	1	23264.592	197877.269
1	29	0	0	0	0	0.621557887	11	0	28/06/2016	1	1	23243.431	197864.018
1	30	0	0	0	0	0.603487722	11	0	28/06/2016	1	1	23242.517	197865.24
1	31	0	0	0	0	0.638919307	11	0	28/06/2016	1	1	23245.199	197864.332
1	32	0	0	0	0	0.619209367	11	0	28/06/2016	1	1	23243.149	197864.141
1	33	0	0	0	0	0.613072059	11	0	28/06/2016	1	1	23242.517	197868.45
1	34	0	0	0	0	0.607790571	11	0	28/06/2016	1	1	23242.781	197865.242
1	35	0	0	0	0	0.564009998	11	0	28/06/2016	1	1	23244.428	197863.437
1	36	0	0	0	0	0.71096777	11	0	28/06/2016	1	1	23238.369	197868.276
1	37	0	0	0	0	0.577634201	11	0	28/06/2016	1	1	23239.81	197868.764
1	38	0	0	0	0	0.613090114	11	0	28/06/2016	1	1	23241.91	197866.747
1	39	0	0	0	0	0.70539969	3	0	28/06/2016	1	1	23248.468	197864.81
1	40	0	0	0	0	0.661834231	10	0	28/06/2016	1	1	23264.698	197879.67
1	41	0	0	0	0	0.689138544	11	0	28/06/2016	1	1	23244.434	197864.55
1	42	0	0	0	0	0.424852356	11	0	28/06/2016	1	1	23243.187	197869.573
1	43	0	0	0	0	0.862785234	3	0	28/06/2016	1	1	23255.343	197866.777
1	44	1	0	0	0	0.859172893	3	10	28/06/2016	1	1	23255.752	197867.056
1	45	1	0	0	0	0.581588814	11	11	28/06/2016	1	1	23239.925	197868.603
1	46	0	0	0	0	0.602723826	5	0	28/06/2016	1	1	23268.355	197891.436
1	47	1	0	0	0	0.698685497	11	11	28/06/2016	1	1	23245.223	197865.867
1	48	1	0	0	0	0.694792172	11	11	28/06/2016	1	1	23244.491	197866.075
1	49	0	0	0	0	0.537610288	11	0	28/06/2016	1	1	23243.439	197862.902
1	50	0	0	0	0	0.10478566	11	0	28/06/2016	1	1	23245.067	197874.043
1	51	0	0	0	0	0.615343146	11	0	28/06/2016	1	1	23243.181	197865.292
1	52	1	0	0	0	0.566138441	11	11	28/06/2016	1	1	23241.189	197867.503
1	53	0	0	0	0	0.561565011	11	0	28/06/2016	1	1	23240.383	197867.188
1	54	1	0	0	1	0.48825763	11	11	28/06/2016	1	1	23239.201	197870.291
1	55	0	0	0	0	0.462559569	11	0	28/06/2016	1	1	23241.617	197863.963
1	56	0	0	0	0	0.625738308	11	0	28/06/2016	1	1	23241.638	197867.838
1	57	0	0	0	0	0.704396409	11	0	28/06/2016	1	1	23247.343	197864.621
1	58	0	0	0	0	0.260437259	11	0	28/06/2016	1	1	23245.563	197870.478
1	59	1	1	1	0	0.431815318	3	10	28/06/2016	1	1	23249.944	197869.106
1	60	0	0	0	0	0.672574562	10	0	28/06/2016	1	1	23266.801	197876.854
1	61	0	0	0	0	0.731372419	11	0	28/06/2016	1	1	23243.428	197866.435
1	62	0	0	0	0	0.565965707	11	0	29/06/2016	2	2	23238.903	197869.848
1	63	0	0	0	0	0.330439985	11	0	29/06/2016	2	2	23238.154	197870.689
1	64	0	0	0	0	0.227087378	11	0	29/06/2016	2	2	23239.757	197871.383
1	65	0	0	0	0	0.618874303	11	0	28/06/2016	1	1	23243.198	197864.51
1	66	1	1	1	0	0.581680288	11	11	29/06/2016	2	2	23240.862	197868.581
1	67	0	0	0	0	0.865698244	3	0	29/06/2016	2	2	23255.945	197866.135
1	68	0	0	0	0	0.754282794	11	0	29/06/2016	2	2	23246.979	197865.155
1	69	1	0	0	0	0.366481314	3	10	29/06/2016	2	2	23257.738	197861.977
1	70	0	0	0	0	0.643860946	10	0	3/07/2016	6	3	23264.211	197876.321
1	71	0	0	0	0	0.662810497	11	0	3/07/2016	6	3	23243.605	197868.18
1	72	1	0	0	0	0.579933083	4	6	3/07/2016	6	3	23279.721	197877.897
1	73	0	0	0	0	0.6419938	11	0	28/06/2016	1	1	23246.072	197864.456
1	74	1	1	1	0	0.302461874	5	1	3/07/2016	6	3	23272.577	197893.851
1	75	0	0	0	0	0.546354341	11	0	3/07/2016	6	3	23243.375	197863.162
1	76	0	0	0	0	0.639539513	2	0	3/07/2016	6	3	23278.4975	197876.1455
1	77	0	0	0	0	0.57901394	10	0	3/07/2016	6	3	23264.508	197876.092
1	78	1	0	0	1	0.697313516	2	5	3/07/2016	6	3	23271.853	197875.416
1	79	1	1	3	3	0.686368385	2	5	3/07/2016	6	3	23273.222	197874.383
1	80	0	0	0	0	0.709786154	8	0	3/07/2016	6	3	23276.316	197879.973
1	81	1	0	0	1	0.6718466	8	4	3/07/2016	6	3	23275.291	197882.198
1	82	1	0	0	1	0.663721203	8	4	3/07/2016	6	3	23275.365	197882.292
1	83	0	0	0	0	0.661296662	8	0	3/07/2016	6	3	23275.166	197882.603
1	84	0	0	0	0	0.565652502	11	0	3/07/2016	6	3	23245.434	197863.362
1	85	0	0	0	0	0.635345257	11	0	3/07/2016	6	3	23245.842	197864.05
1	86	0	0	0	0	0.62096519	11	0	3/07/2016	6	3	23243.394	197863.949
1	87	0	0	0	0	0.239590849	1	0	3/07/2016	6	3	23300.503	197887.467
1	88	0	0	0	0	0.321404423	1	0	3/07/2016	6	3	23303.266	197886.944
1	89	0	0	0	0	0.266760391	1	0	3/07/2016	6	3	23303.437	197888.013
1	90	0	0	0	0	0.134921029	9	0	3/07/2016	6	3	23315.469	197899.334
1	91	1	0	0	1	0.188620259	9	2	3/07/2016	6	3	23317.218	197899.732
1	92	1	0	0	1	0.120423956	9	2	3/07/2016	6	3	23320.243	197899.033
1	93	0	0	0	0	0.126896498	9	0	3/07/2016	6	3	23319.467	197894.27
1	94	0	0	0	0	0.231624295	1	0	3/07/2016	6	3	23303.691	197888.767
1	95	0	0	0	0	0.114567596	9	0	3/07/2016	6	3	23320.299	197899.236
1	96	0	0	0	0	0.135849901	9	0	3/07/2016	6	3	23319.205	197899.232
1	97	1	1	1	0	0.162541555	9	2	3/07/2016	6	3	23319.095	197899.897
1	98	0	0	0	0	0.097270757	9	0	3/07/2016	6	3	23314.16	197899.089
1	99	0	0	0	0	0.076863056	9	0	3/07/2016	6	3	23312.953	197898.95
1	100	0	0	0	0	0.80587964	3	0	3/07/2016	6	3	23255.002	197865.832
1	101	0	0	0	0	0.593249642	10	0	3/07/2016	6	3	23264.441	197880.552
1	102	1	0	0	1	0.517430867	8	4	3/07/2016	6	3	23275.189	197885.045
1	103	0	0	0	0	0.607807001	10	0	3/07/2016	6	3	23265.783	197880.951
1	104	0	0	0	0	0.735497992	10	0	3/07/2016	6	3	23264.957	197878.739
1	105	0	0	0	0	0.802642768	6	0	3/07/2016	6	3	23258.051	197893.519
1	106	0	1	1	0	0.298834247	10	0	3/07/2016	6	3	23265.288	197882.117
1	107	0	0	0	0	0.719640788	8	0	3/07/2016	6	3	23274.677	197883.631
1	108	0	0	0	0	0.867526722	6	0	3/07/2016	6	3	23258.114	197890.845
1	109	0	0	0	0	0.531227963	11	0	3/07/2016	6	3	23242.155	197863.619
1	110	0	0	0	0	0.694252098	3	0	3/07/2016	6	3	23250.859	197866.526
1	111	0	0	0	0	0.651315299	2	0	4/07/2016	7	4	23273.453	197875.135
1	112	1	0	0	0	0.867951894	6	8	4/07/2016	7	4	23258.139	197890.932
1	113	1	0	0	0	0.804028514	6	8	4/07/2016	7	4	23260.147	197893.101
1	114	0	0	0	0	0.6655912	11	0	4/07/2016	7	4	23242.925	197865.466
1	115	0	0	0	0	0.796023051	3	0	4/07/2016	7	4	23257.139	197866.315
1	116	0	0	0	0	0.745558838	3	0	4/07/2016	7	4	23248.719	197866.449
1	117	0	0	0	0	0.698448559	11	0	4/07/2016	7	4	23244.748	197866.397
1	118	0	0	0	0	0.647165286	3	0	4/07/2016	7	4	23248.201	197864.097
1	119	0	0	0	0	0.582679243	11	0	4/07/2016	7	4	23240.703	197868.393
1	120	1	1	1	0	0.700309145	11	11	4/07/2016	7	4	23246.77	197866.293
1	121	0	0	0	0	0.626573038	11	0	4/07/2016	7	4	23243.869	197864.047
1	122	1	1	1	0	0.470075967	11	11	4/07/2016	7	4	23246.083	197868.457
1	123	0	0	0	0	0.521727739	3	0	4/07/2016	7	4	23258.59	197864.319
1	124	0	0	0	0	0.560490403	11	0	4/07/2016	7	4	23242.665	197862.142
1	125	0	0	0	0	0.586482499	3	0	4/07/2016	7	4	23258.229	197864.412
1	126	0	0	0	0	0.644232226	4	0	4/07/2016	7	4	23278.383	197878.522
1	127	0	1	1	0	0.161322746	9	0	4/07/2016	7	4	23316.473	197899.827
1	128	0	0	0	0	0.118969399	9	0	4/07/2016	7	4	23315.67	197899.725
1	129	0	0	0	0	0.170442348	9	0	4/07/2016	7	4	23319.215	197900.218
1	130	1	1	1	2	0.12385612	9	2	4/07/2016	7	4	23319.898	197898.502
1	131	1	0	0	0	0.153787737	9	2	4/07/2016	7	4	23318.72	197897.988
1	132	1	0	0	0	0.181267017	9	2	4/07/2016	7	4	23317.926	197899.576
1	133	0	0	0	0	0.118802231	9	0	4/07/2016	7	4	23318.14	197893.838
1	134	0	0	0	0	0.159188716	9	0	4/07/2016	7	4	23316.018	197893.776
1	135	0	0	0	0	0.138291034	9	0	4/07/2016	7	4	23320.511	197898.246
1	136	1	1	1	0	0.110531564	9	2	4/07/2016	7	4	23321.096	197898.639
1	137	0	0	0	0	0.077417035	9	0	4/07/2016	7	4	23312.76	197900.111
1	138	1	0	0	1	0.131506006	9	2	4/07/2016	7	4	23319.401	197898.578
1	139	1	0	0	0	0.151489994	9	2	4/07/2016	7	4	23318.627	197898.919
1	140	1	1	2	0	0.13596357	9	2	4/07/2016	7	4	23319.472	197899.213
1	141	0	0	0	0	0.144070638	9	0	4/07/2016	7	4	23319.184	197899.678
1	142	0	0	0	0	0.122207976	9	0	4/07/2016	7	4	23319.876	197899.3
1	143	0	0	0	0	0.189998256	1	0	4/07/2016	7	4	23302.938	197888.852
1	144	0	0	0	0	0.522182698	1	0	4/07/2016	7	4	23300.919	197885.738
1	145	0	0	0	0	0.568056223	1	0	4/07/2016	7	4	23301.429	197885.231
1	146	1	1	1	1	0.224450525	1	3	4/07/2016	7	4	23300.9	197887.686
1	147	0	0	0	0	0.631445405	2	0	4/07/2016	7	4	23278.551	197874.367
1	148	0	0	0	0	0.663719221	2	0	4/07/2016	7	4	23277.425	197873.499
1	149	0	0	0	0	0.666304524	2	0	4/07/2016	7	4	23277.786	197873.052
1	150	1	0	0	0	0.657198063	2	5	4/07/2016	7	4	23276.363	197872.545
1	151	0	0	0	0	0.66698243	2	0	4/07/2016	7	4	23277.884	197873.355
1	152	0	0	0	0	0.661212268	2	0	4/07/2016	7	4	23276.811	197872.485
1	153	1	0	0	0	0.674599952	2	5	4/07/2016	7	4	23273.484	197873.908
1	154	0	0	0	0	0.668662555	2	0	4/07/2016	7	4	23278.112	197873.337
1	155	1	0	0	0	0.660507544	2	5	4/07/2016	7	4	23277.107	197873.18
1	156	1	0	0	0	0.707801602	2	5	4/07/2016	7	4	23276.093	197873.279
1	157	1	0	0	0	0.666592159	2	5	4/07/2016	7	4	23277.571	197872.844
1	158	0	0	0	0	0.728050433	2	0	4/07/2016	7	4	23276.619	197874.214
1	159	1	0	0	0	0.708529998	2	5	4/07/2016	7	4	23276.233	197873.411
1	160	0	0	0	0	0.621164222	2	0	4/07/2016	7	4	23279.06	197873.496
1	161	1	0	0	0	0.696586879	2	5	4/07/2016	7	4	23273.499	197874.82
1	162	1	0	0	0	0.611315922	8	4	4/07/2016	7	4	23276.197	197882.618
1	163	0	0	0	0	0.716933701	8	0	4/07/2016	7	4	23276.072	197880.045
1	164	1	1	1	0	0.636992459	8	4	4/07/2016	7	4	23271.628	197881.788
1	165	0	0	0	0	0.636941906	7	0	4/07/2016	7	4	23275.59	197891.349
1	166	1	0	0	1	0.537861293	8	4	4/07/2016	7	4	23276.051	197884.487
1	167	1	1	1	0	0.594993389	5	1	4/07/2016	7	4	23274.305	197891.158
1	168	1	1	1	1	0.709710281	8	4	4/07/2016	7	4	23275.157	197883.907
1	169	0	0	0	0	0.588904077	5	0	4/07/2016	7	4	23274.986	197892.273
1	170	0	0	0	0	0.725634819	8	0	4/07/2016	7	4	23273.856	197883.83
1	171	0	0	0	0	0.680269927	7	0	4/07/2016	7	4	23276.135	197891.045
1	172	1	0	0	0	0.689533092	8	4	4/07/2016	7	4	23274.074	197883.72
1	173	1	0	0	0	0.671843895	8	4	4/07/2016	7	4	23275.304	197884.433
1	174	0	0	0	0	0.47820556	8	0	4/07/2016	7	4	23275.296	197885.318
1	175	1	0	0	0	0.307589124	11	11	4/07/2016	7	4	23242.226	197870.319
1	176	1	1	2	0	0.75449935	11	11	4/07/2016	7	4	23238.699	197866.299
1	177	0	0	0	0	0.177438629	11	0	4/07/2016	7	4	23241.949	197871.166
1	178	0	0	0	0	0.155263261	9	0	5/07/2016	8	5	23316.042	197899.759
1	180	1	0	0	1	0.166830266	9	2	5/07/2016	8	5	23319.296	197899.797
1	181	0	0	0	0	0.692125393	5	0	5/07/2016	8	5	23268.755	197890.634
1	182	1	1	1	0	0.508773694	5	1	5/07/2016	8	5	23270.288	197890.121
1	183	1	0	0	1	0.795910976	7	7	5/07/2016	8	5	23280.095	197893.651
1	184	1	0	0	2	0.84090515	7	7	5/07/2016	8	5	23280.52	197892.391
1	185	0	0	0	0	0.561373334	4	0	5/07/2016	8	5	23280.483	197878.84
1	186	1	1	1	1	0.690502489	2	5	5/07/2016	8	5	23274.243	197874.524
1	187	1	1	2	2	0.693413747	2	5	5/07/2016	8	5	23274.017	197874.688
1	188	0	0	0	0	0.728459558	2	0	5/07/2016	8	5	23273.644	197877.971
1	189	1	0	0	0	0.67892546	2	5	5/07/2016	8	5	23271.491	197874.649
1	190	1	0	0	2	0.692210627	2	5	5/07/2016	8	5	23272.787	197874.669
1	191	1	0	0	1	0.699549275	2	5	5/07/2016	8	5	23273.456	197874.939
1	192	1	0	0	1	0.671144129	10	5	5/07/2016	8	5	23268.612	197875.951
1	193	1	0	0	1	0.709911219	10	5	5/07/2016	8	5	23269.147	197878.476
1	194	1	0	0	1	0.684034331	2	5	5/07/2016	8	5	23273.156	197874.296
1	195	1	0	0	1	0.689970242	2	5	5/07/2016	8	5	23273.598	197874.56
1	196	1	1	1	0	0.655713934	2	5	5/07/2016	8	5	23272.546	197875.615
1	197	0	0	0	0	0.646986927	2	0	5/07/2016	8	5	23272.705	197875.049
1	198	1	0	0	1	0.625253736	11	11	5/07/2016	8	5	23241.598	197867.754
1	199	1	0	0	1	0.665481637	11	11	5/07/2016	8	5	23239.204	197869.161
1	200	0	0	0	0	0.70344152	8	0	6/07/2016	9	6	23273.579	197880.051
1	201	0	0	0	0	0.15544448	9	0	6/07/2016	9	6	23319.02	197900.005
1	202	0	0	0	0	0.632651844	11	0	6/07/2016	9	6	23239.654	197867.919
1	203	1	0	0	1	0.785265433	3	10	6/07/2016	9	6	23249.232	197866.511
1	204	1	0	0	1	0.865190268	3	10	6/07/2016	9	6	23255.485	197866.529
1	205	1	0	0	1	0.671360427	3	10	6/07/2016	9	6	23253.583	197866.79
1	206	1	0	0	0	0.580275867	3	10	6/07/2016	9	6	23251.195	197867.658
1	207	1	1	1	1	0.617402476	11	11	6/07/2016	9	6	23241.299	197867.197
1	208	1	0	0	2	0.496851617	3	10	6/07/2016	9	6	23248.244	197868.754
1	209	0	0	0	0	0.661322613	11	0	6/07/2016	9	6	23243.259	197868.328
1	210	1	1	1	0	0.167950295	9	2	6/07/2016	9	6	23318.759	197899.836
1	211	1	0	0	3	0.148883712	9	2	6/07/2016	9	6	23318.989	197899.592
1	212	1	1	2	3	0.168708138	9	2	6/07/2016	9	6	23318.479	197899.259
1	213	0	0	0	0	0.13846134	9	0	6/07/2016	9	6	23318.985	197899.174
1	214	0	0	0	0	0.191604705	9	0	6/07/2016	9	6	23318.217	197899.486
1	215	0	0	0	0	0.702461517	2	0	6/07/2016	9	6	23274.43	197875.095
1	216	0	0	0	0	0.650082201	2	0	6/07/2016	9	6	23275.452	197873.065
1	217	1	1	1	1	0.684843963	11	11	6/07/2016	9	6	23238.905	197865.185
1	218	0	0	0	0	0.417272622	11	0	6/07/2016	9	6	23243.242	197869.662
1	219	0	0	0	0	0.113959595	9	0	6/07/2016	9	6	23320.099	197898.529
1	220	1	0	0	1	0.567523154	3	10	6/07/2016	9	6	23250.087	197868.011
1	221	0	0	0	0	0.649023385	2	0	7/07/2016	10	7	23273.954	197873.243
1	222	1	0	0	0	0.597966403	10	5	7/07/2016	10	7	23268.484	197875.388
1	223	1	0	0	1	0.568744507	2	5	7/07/2016	10	7	23268.699	197874.556
1	224	0	0	0	0	0.62121069	2	0	7/07/2016	10	7	23279.27	197873.83
1	225	1	0	0	1	0.688680806	2	5	7/07/2016	10	7	23271.784	197874.969
1	226	0	0	0	0	0.65720073	2	0	7/07/2016	10	7	23271.279	197873.982
1	227	0	0	0	0	0.591117272	4	0	7/07/2016	10	7	23279.401	197881.039
1	228	1	0	0	1	0.658553056	2	5	7/07/2016	10	7	23273.081	197875.522
1	229	0	0	0	0	0.687849755	2	0	7/07/2016	10	7	23273.37	197874.445
1	230	1	0	0	0	0.671008043	2	5	7/07/2016	10	7	23273.108	197873.858
1	231	1	0	0	0	0.640791084	2	5	7/07/2016	10	7	23271.195	197875.648
1	232	0	0	0	0	0.506808535	4	0	7/07/2016	10	7	23281.667	197881.165
1	233	0	0	0	0	0.496904155	4	0	7/07/2016	10	7	23280.833	197885.839
1	234	0	0	0	0	0.504716003	4	0	7/07/2016	10	7	23281.4	197881.234
1	235	0	0	0	0	0.460573703	4	0	7/07/2016	10	7	23280.153	197885.257
1	236	1	1	1	6	0.635145673	4	6	7/07/2016	10	7	23280.883	197884.375
1	237	0	0	0	0	0.623482307	4	0	7/07/2016	10	7	23280.13	197880.667
1	238	1	1	1	0	0.636187755	4	6	7/07/2016	10	7	23281.107	197884.652
1	239	0	0	0	0	0.586593455	4	0	7/07/2016	10	7	23280.539	197880.134
1	240	1	0	0	1	0.512651585	4	6	7/07/2016	10	7	23281.834	197880.441
1	241	0	0	0	0	0.39716347	1	0	7/07/2016	10	7	23291.963	197883.04
1	242	0	0	0	0	0.590648998	1	0	7/07/2016	10	7	23301.225	197883.518
1	243	0	0	0	0	0.623417186	1	0	7/07/2016	10	7	23300.228	197884.099
1	244	0	0	0	0	0.190294728	9	0	7/07/2016	10	7	23318.718	197900.002
1	245	0	0	0	0	0.483792211	7	0	7/07/2016	10	7	23283.924	197892.854
1	246	0	0	0	0	0.323941075	5	0	7/07/2016	10	7	23272.918	197893.425
1	247	1	0	0	1	0.277043603	5	1	7/07/2016	10	7	23271.654	197893.649
1	248	1	0	0	1	0.250136925	5	1	7/07/2016	10	7	23270.969	197893.433
1	249	0	0	0	0	0.584853972	5	0	7/07/2016	10	7	23269.988	197890.748
1	250	1	0	0	0	0.18006735	9	2	9/07/2016	12	8	23318.043	197900.078
1	251	1	0	0	1	0.116801414	9	2	9/07/2016	12	8	23319.824	197899.471
1	252	1	0	0	2	0.11436276	9	2	9/07/2016	12	8	23320.825	197898.629
1	253	1	0	0	1	0.114708324	9	2	9/07/2016	12	8	23313.919	197900.045
1	254	1	0	0	0	0.214902238	1	3	9/07/2016	12	8	23300.23	197887.567
1	255	0	0	0	0	0.329528076	1	0	9/07/2016	12	8	23302.988	197886.847
1	256	1	0	0	0	0.460670567	1	3	9/07/2016	12	8	23300.598	197886.248
1	257	1	1	1	1	0.808405371	7	7	9/07/2016	12	8	23280.766	197891.975
1	258	0	0	0	0	0.203966022	5	0	9/07/2016	12	8	23272.919	197894.382
1	259	1	1	1	1	0.212847305	5	1	9/07/2016	12	8	23272.145	197894.35
1	260	1	1	1	1	0.611005814	4	6	9/07/2016	12	8	23280.752	197884.713
1	261	1	0	0	0	0.728665019	7	7	9/07/2016	12	8	23282.111	197892.962
1	262	0	0	0	0	0.410571355	8	0	9/07/2016	12	8	23275.935	197885.362
1	263	0	0	0	0	0.463103823	8	0	9/07/2016	12	8	23275.986	197884.974
1	264	0	0	0	0	0.613012274	8	0	9/07/2016	12	8	23276.259	197882.528
1	265	0	0	0	0	0.227310334	8	0	9/07/2016	12	8	23276.985	197885.109
1	266	1	0	0	0	0.451290786	8	4	9/07/2016	12	8	23276.396	197884.5
1	267	1	1	1	2	0.482051873	8	4	9/07/2016	12	8	23275.225	197885.285
1	268	0	0	0	0	0.449732864	8	0	9/07/2016	12	8	23276.006	197885.045
1	269	1	0	0	1	0.723030908	8	4	9/07/2016	12	8	23275.024	197883.739
1	270	1	0	0	0	0.754626528	11	10	7/07/2016	10	7	23247.067	197865.119
1	271	1	1	1	0	0.630405513	11	11	7/07/2016	10	7	23239.244	197865.106
1	272	1	0	0	1	0.726139392	3	10	7/07/2016	10	7	23254.296	197865.822
1	273	0	0	0	0	0.862928845	3	0	7/07/2016	10	7	23256.057	197866.61
1	274	0	0	0	0	0.576769647	11	0	7/07/2016	10	7	23240.835	197868.114
1	275	0	0	0	0	0.676119751	2	0	7/07/2016	10	7	23273.831	197873.949
1	276	1	0	0	1	0.677569704	2	5	7/07/2016	10	7	23271.378	197874.65
1	277	0	0	0	0	0.641984762	2	0	7/07/2016	10	7	23270.864	197875.786
1	278	0	0	0	0	0.730319697	2	0	7/07/2016	10	7	23276.859	197874.311
1	279	1	0	0	1	0.64594783	2	5	7/07/2016	10	7	23269.979	197876.548
1	280	1	1	1	0	0.601349746	5	1	9/07/2016	12	8	23273.762	197891.287
1	281	0	0	0	0	0.560574672	11	0	9/07/2016	12	8	23241.038	197867.251
1	282	1	1	1	0	0.646522346	8	4	9/07/2016	12	8	23270.519	197881.32
1	283	1	0	0	1	0.216826171	5	1	9/07/2016	12	8	23270.694	197893.492
1	284	0	0	0	0	0.22469588	5	0	9/07/2016	12	8	23272.541	197894.39
1	285	0	0	0	0	0.112458865	9	0	9/07/2016	12	8	23313.734	197899.931
1	286	1	0	0	1	0.08694137	9	2	11/07/2016	14	9	23313.77	197899.505
1	287	1	1	1	0	0.160707702	9	2	11/07/2016	14	9	23316.745	197899.379
1	288	1	0	0	0	0.307697114	5	1	11/07/2016	14	9	23272.993	197893.901
1	289	0	0	0	0	0.583266965	1	0	11/07/2016	14	9	23300.896	197883.155
1	290	1	1	1	0	0.712823562	10	11	11/07/2016	14	9	23263.626	197876.89
1	291	0	0	0	0	0.707457088	6	0	11/07/2016	14	9	23260.683	197889.858
1	292	1	0	0	0	0.65075138	10	11	11/07/2016	14	9	23264.431	197876.46
1	293	0	0	0	0	0.580145993	10	0	11/07/2016	14	9	23264.603	197876.105
1	294	0	0	0	0	0.722126044	10	0	11/07/2016	14	9	23264.811	197877.062
1	295	1	0	0	0	0.524784893	5	1	11/07/2016	14	9	23269.628	197891.646
1	296	0	0	0	0	0.241959038	5	0	11/07/2016	14	9	23273.231	197894.058
1	297	1	1	1	0	0.722883627	10	11	11/07/2016	14	9	23262.672	197877.511
1	298	0	0	0	0	0.680151916	2	0	11/07/2016	14	9	23271.334	197874.876
1	299	0	0	0	0	0.601576691	6	0	11/07/2016	14	9	23263.53	197890.23
1	300	0	0	0	0	0.500262532	10	0	11/07/2016	14	9	23264.422	197875.813
1	301	0	0	0	0	0.648803159	10	0	11/07/2016	14	9	23263.214	197876.584
1	302	1	0	0	0	0.643630434	10	11	11/07/2016	14	9	23262.643	197876.479
1	303	1	0	0	0	0.490951417	10	11	11/07/2016	14	9	23262.783	197875.825
1	304	1	0	0	1	0.850504883	6	8	11/07/2016	14	9	23258.681	197892.866
1	305	0	0	0	0	0.504195933	10	0	11/07/2016	14	9	23264.594	197875.832
1	306	0	0	0	0	0.852483382	6	0	11/07/2016	14	9	23258.515	197892.662
1	307	0	0	0	0	0.660173604	10	0	11/07/2016	14	9	23260.091	197877.737
1	308	0	0	0	0	0.520013731	5	0	11/07/2016	14	9	23270.082	197891.608
1	309	0	0	0	0	0.655712693	2	0	11/07/2016	14	9	23272.342	197875.722
1	310	0	0	0	0	0.644241917	2	0	11/07/2016	14	9	23275.008	197872.866
1	311	1	0	0	0	0.61952179	7	7	11/07/2016	14	9	23283.237	197891.026
1	312	0	0	0	0	0.520827318	7	0	11/07/2016	14	9	23284.498	197891.515
1	313	1	0	0	1	0.82273429	7	7	11/07/2016	14	9	23281.154	197892.499
1	314	1	0	0	0	0.735869896	7	7	11/07/2016	14	9	23282.05	197892.922
1	315	0	0	0	0	0.698530221	7	0	11/07/2016	14	9	23282.509	197890.996
1	316	1	0	0	1	0.680332832	7	7	11/07/2016	14	9	23282.515	197893.131
1	317	1	0	0	1	0.764532352	7	7	11/07/2016	14	9	23281.802	197893.118
1	318	1	0	0	1	0.557988166	4	6	11/07/2016	14	9	23280.86	197881.585
1	319	1	0	0	1	0.516802503	4	6	11/07/2016	14	9	23279.394	197882.795
1	320	1	0	0	0	0.726742319	10	11	11/07/2016	14	9	23264.024	197878.778
1	321	1	0	0	0	0.364014065	11	11	11/07/2016	14	9	23242.471	197870.137
1	322	1	0	0	0	0.358224986	3	10	11/07/2016	14	9	23250.619	197869.031
1	323	0	0	0	0	0.716991193	10	0	11/07/2016	14	9	23264.12	197879.215
1	324	1	0	0	0	0.71963328	2	5	11/07/2016	14	9	23272.507	197878.262
1	325	0	0	0	0	0.723742077	2	0	11/07/2016	14	9	23275.805	197876.179
1	326	0	0	0	0	0.711056393	2	0	11/07/2016	14	9	23276.141	197873.63
1	327	1	0	0	2	0.660560452	2	5	11/07/2016	14	9	23273.789	197875.489
1	328	1	0	0	0	0.704140919	10	11	11/07/2016	14	9	23263.868	197879.363
1	329	0	0	0	0	0.580904997	2	0	11/07/2016	14	9	23273.939	197872.389
1	330	0	0	0	0	0.65028744	10	0	11/07/2016	14	9	23262.807	197879.296
1	331	1	0	0	0	0.696018889	10	11	11/07/2016	14	9	23263.74	197879.412
1	332	1	0	0	2	0.863644552	6	8	11/07/2016	14	9	23257.991	197892.04
1	333	0	0	0	0	0.820759869	6	0	11/07/2016	14	9	23260.198	197890.333
1	334	0	0	0	0	0.748070748	7	0	11/07/2016	14	9	23278.163	197892.267
1	335	1	0	0	1	0.709245727	10	11	11/07/2016	14	9	23263.702	197879.113
1	336	0	0	0	0	0.532790217	10	0	11/07/2016	14	9	23261.932	197879.179
1	337	0	0	0	0	0.686277715	7	0	11/07/2016	14	9	23282.875	197890.945
1	338	1	0	0	1	0.244640704	5	1	11/07/2016	14	9	23272.038	197894.068
1	339	1	0	0	2	0.20065545	5	1	11/07/2016	14	9	23271.945	197894.394
1	340	1	1	1	0	0.541726159	7	7	11/07/2016	14	9	23275.686	197890.211
1	341	1	0	0	0	0.170824435	9	2	12/07/2016	15	10	23318.002	197899.193
1	342	1	0	0	0	0.144256944	9	2	12/07/2016	15	10	23315.731	197899.281
1	343	1	0	0	1	0.157499283	9	2	12/07/2016	15	10	23317.25	197899.142
1	344	1	0	0	2	0.193573343	9	2	12/07/2016	15	10	23317.327	197900.197
1	345	0	0	0	0	0.106477609	9	0	12/07/2016	15	10	23313.718	197900.101
1	346	1	0	0	2	0.176012233	9	2	12/07/2016	15	10	23317.581	197898.978
1	347	1	0	0	0	0.642124313	2	5	12/07/2016	15	10	23272.873	197874.761
1	348	1	0	0	1	0.665467141	2	5	12/07/2016	15	10	23273.537	197875.875
1	349	0	0	0	0	0.681321353	2	0	12/07/2016	15	10	23273.398	197874.197
1	350	0	0	0	0	0.747208226	10	0	12/07/2016	15	10	23269.782	197879.458
1	351	0	0	0	0	0.653536566	2	0	12/07/2016	15	10	23270.754	197876.567
1	352	0	0	0	0	0.644575238	2	0	12/07/2016	15	10	23270.464	197876.139
1	353	1	0	0	1	0.687819067	2	5	12/07/2016	15	10	23273.444	197874.454
1	354	0	0	0	0	0.68944066	2	0	12/07/2016	15	10	23273.684	197874.533
1	355	1	0	0	1	0.810746524	6	8	12/07/2016	15	10	23258.934	197893.487
1	356	0	0	0	0	0.824974723	6	0	12/07/2016	15	10	23260.587	197892.634
1	357	0	0	0	0	0.207201786	5	0	12/07/2016	15	10	23271.244	197894.07
1	358	1	0	0	1	0.398401908	5	1	12/07/2016	15	10	23271.26	197892.886
1	359	1	1	1	1	0.329264577	5	1	12/07/2016	15	10	23272.829	197893.719
1	360	1	0	0	1	0.341026121	5	1	12/07/2016	15	10	23272.182	197893.572
1	361	1	0	0	0	0.577017876	10	11	12/07/2016	15	10	23264.973	197875.969
1	362	0	0	0	0	0.599151129	11	0	14/07/2016	17	11	23242.19	197864.901
1	363	0	0	0	0	0.617992625	11	0	14/07/2016	17	11	23243.083	197864.277
1	364	1	1	1	1	0.735511071	11	11	14/07/2016	17	11	23238.622	197865.392
1	365	1	0	0	0	0.439857111	11	11	14/07/2016	17	11	23240.449	197870.586
1	366	1	0	0	0	0.80117152	11	11	14/07/2016	17	11	23238.39	197866.549
1	367	1	0	0	0	0.689296686	11	11	14/07/2016	17	11	23238.715	197865.607
1	368	1	0	0	1	0.804719787	11	11	14/07/2016	17	11	23238.319	197866.804
1	369	0	0	0	0	0.749961003	11	0	14/07/2016	17	11	23238.534	197866.079
1	370	0	0	0	0	0.281079816	11	0	14/07/2016	17	11	23239.197	197871.222
1	371	0	0	0	0	0.597707052	11	0	14/07/2016	17	11	23238.035	197869.192
1	372	1	0	0	2	0.583662108	11	11	14/07/2016	17	11	23239.982	197868.433
1	373	1	0	0	1	0.441649958	11	11	14/07/2016	17	11	23238.447	197870.271
1	374	1	0	0	0	0.745486155	3	10	14/07/2016	17	11	23254.142	197867.247
1	375	1	0	0	0	0.695635122	3	10	14/07/2016	17	11	23255.524	197868.179
1	376	1	0	0	1	0.610750204	4	6	14/07/2016	17	11	23281.413	197884.216
1	377	0	0	0	0	0.330287787	11	0	14/07/2016	17	11	23244.107	197869.947
1	378	1	0	0	1	0.401055542	11	11	14/07/2016	17	11	23243.692	197869.731
1	379	0	0	0	0	0.43716502	1	0	14/07/2016	17	11	23302.232	197882.673
1	380	1	0	0	2	0.499944757	4	6	14/07/2016	17	11	23280.82	197885.754
1	381	1	1	1	1	0.471727204	4	6	14/07/2016	17	11	23280.524	197885.857
1	382	0	0	0	0	0.479695696	4	0	14/07/2016	17	11	23280.419	197885.466
1	383	1	1	1	1	0.625552116	4	6	14/07/2016	17	11	23281.57	197883.555
1	384	1	0	0	1	0.827512669	7	7	14/07/2016	17	11	23279.182	197892.598
1	385	1	0	0	1	0.575217785	8	4	14/07/2016	17	11	23269.513	197882.31
1	386	1	0	0	1	0.583862053	8	4	14/07/2016	17	11	23271.3	197883.058
1	387	1	0	0	1	0.564345931	8	4	14/07/2016	17	11	23272.127	197882.349
1	388	0	0	0	0	0.420885654	8	0	14/07/2016	17	11	23270.456	197884.464
1	389	1	0	0	1	0.606959461	8	4	14/07/2016	17	11	23270.192	197882.086
1	390	1	0	0	1	0.569136922	8	4	14/07/2016	17	11	23272.197	197882.268
1	391	1	1	1	2	0.697153554	2	5	14/07/2016	17	11	23272.741	197874.928
1	392	1	0	0	1	0.730618909	2	5	14/07/2016	17	11	23273.31	197877.132
1	393	0	0	0	0	0.12243996	9	0	14/07/2016	17	11	23318.392	197893.831
1	394	0	0	0	0	0.664171809	2	0	14/07/2016	17	11	23273.453	197875.819
1	395	1	0	0	0	0.163909238	9	2	15/07/2016	18	12	23315.021	197892.522
1	396	0	0	0	0	0.149905526	9	0	15/07/2016	18	12	23316.247	197893.137
1	397	1	0	0	1	0.521509849	4	6	15/07/2016	18	12	23281.967	197879.293
1	398	1	1	1	2	0.497195174	4	6	15/07/2016	18	12	23280.627	197885.485
1	399	0	0	0	0	0.507122549	4	0	15/07/2016	18	12	23282.108	197879.919
1	400	1	1	1	1	0.393306566	4	6	15/07/2016	18	12	23277.975	197883.592
1	401	1	0	0	0	0.237160698	5	1	15/07/2016	18	12	23271.885	197894.085
1	402	1	0	0	0	0.434284422	4	6	15/07/2016	18	12	23278.762	197882.689
1	403	1	1	1	0	0.503427545	4	6	15/07/2016	18	12	23280.705	197885.501
1	404	0	0	0	0	0.222024544	8	0	15/07/2016	18	12	23277.134	197885.089
1	405	0	0	0	0	0.208620086	5	0	15/07/2016	18	12	23272.09	197894.375
1	406	1	0	0	0	0.676224284	6	8	15/07/2016	18	12	23260.302	197889.382
1	407	1	0	0	1	0.891950031	6	8	15/07/2016	18	12	23258.632	197891.91
1	408	0	0	0	0	0.764426296	6	0	15/07/2016	18	12	23258.909	197893.709
1	409	1	1	1	3	0.811202154	6	8	15/07/2016	18	12	23258.633	197893.374
1	410	1	1	1	3	0.765465408	6	8	15/07/2016	18	12	23258.83	197893.679
1	411	1	1	1	1	0.813817564	6	8	15/07/2016	18	12	23259.135	197893.446
1	412	1	0	0	0	0.654853321	6	8	15/07/2016	18	12	23258.437	197894.414
1	413	1	0	0	1	0.698974558	6	8	15/07/2016	18	12	23261.139	197893.471
1	414	1	0	0	0	0.844730075	6	8	15/07/2016	18	12	23258.408	197893.269
1	415	1	0	0	3	0.718357923	6	8	15/07/2016	18	12	23258.245	197894.243
1	416	0	0	0	0	0.867246557	6	0	15/07/2016	18	12	23258.836	197891.992
1	417	1	0	0	1	0.661695948	6	8	15/07/2016	18	12	23262.183	197893.154
1	418	0	0	0	0	0.794274049	6	0	15/07/2016	18	12	23258.425	197893.865
1	419	0	0	0	0	0.811525878	6	0	15/07/2016	18	12	23259.066	197893.483
1	420	0	0	0	0	0.769646451	6	0	15/07/2016	18	12	23259.063	197893.575
1	421	0	0	0	0	0.806381625	6	0	15/07/2016	18	12	23260.039	197893.21
1	422	0	1	1	0	0.36549335	3	0	15/07/2016	18	12	23257.315	197862.123
1	423	0	0	0	0	0.67377403	3	0	15/07/2016	18	12	23253.544	197866.745
1	424	0	0	0	0	0.567177723	11	0	15/07/2016	18	12	23245.418	197867.696
1	425	1	0	0	1	0.732470351	11	11	15/07/2016	18	12	23243.292	197867.078
1	426	1	0	0	0	0.679369587	11	11	15/07/2016	18	12	23238.966	197864.882
1	427	1	0	0	1	0.670558043	11	11	15/07/2016	18	12	23239.314	197869.13
1	428	0	0	0	0	0.688024866	11	0	15/07/2016	18	12	23238.734	197865.494
1	429	1	0	0	1	0.686930473	11	11	15/07/2016	18	12	23239.083	197865.345
1	430	1	0	0	0	0.746291795	11	11	15/07/2016	18	12	23238.524	197865.935
1	431	1	0	0	1	0.746447567	11	11	15/07/2016	18	12	23238.435	197865.938
1	432	0	0	0	0	0.594996344	11	0	15/07/2016	18	12	23239.211	197869.625
1	433	0	0	0	0	0.578187687	11	0	15/07/2016	18	12	23245.709	197867.32
1	434	0	0	0	0	0.580578418	2	0	15/07/2016	18	12	23273.788	197872.636
1	435	0	0	0	0	0.658546115	2	0	15/07/2016	18	12	23271.336	197873.999
1	436	0	0	0	0	0.678568818	2	0	15/07/2016	18	12	23271.192	197874.874
1	437	0	0	0	0	0.65937676	4	0	15/07/2016	18	12	23278.825	197879.639
1	438	1	0	0	0	0.643041486	2	5	15/07/2016	18	12	23268.873	197874.846
1	439	1	1	1	0	0.682531392	2	5	15/07/2016	18	12	23275.692	197877.308
1	440	1	0	0	0	0.582079765	8	4	15/07/2016	18	12	23276.093	197883.495
1	441	1	0	0	0	0.74796012	8	4	15/07/2016	18	12	23271.162	197879.95
1	442	0	0	0	0	0.689494709	10	0	15/07/2016	18	12	23268.554	197880.78
1	443	0	0	0	0	0.559953667	7	0	15/07/2016	18	12	23283.834	197890.717
1	444	0	0	0	0	0.115980232	9	0	15/07/2016	18	12	23319.989	197899.407
1	446	0	0	0	0	0.156678065	9	0	15/07/2016	18	12	23316.789	197899.473
1	447	0	0	0	0	0.165962078	9	0	15/07/2016	18	12	23316.807	197899.31
1	448	0	0	0	0	0.148689632	9	0	15/07/2016	18	12	23318.705	197897.829
1	449	1	0	0	0	0.143388845	9	2	15/07/2016	18	12	23319.402	197899.066
1	450	1	0	0	1	0.197919412	9	2	15/07/2016	18	12	23316.959	197899.993
1	451	0	0	0	0	0.150344633	9	0	15/07/2016	18	12	23315.496	197898.797
1	452	0	0	0	0	0.837477027	7	0	16/07/2016	19	13	23280.164	197892.549
1	453	1	0	0	0	0.615464545	4	6	16/07/2016	19	13	23281.164	197882.685
1	454	1	0	0	0	0.592006751	4	6	16/07/2016	19	13	23280.716	197883.091
1	455	1	0	0	1	0.597892293	4	6	16/07/2016	19	13	23281.418	197884.482
1	456	1	0	0	1	0.611134651	4	6	16/07/2016	19	13	23281.334	197884.162
1	457	1	0	0	0	0.61853254	8	4	16/07/2016	19	13	23275.824	197882.946
1	458	0	0	0	0	0.331482377	8	0	16/07/2016	19	13	23276.033	197885.554
1	459	1	0	0	1	0.638888967	4	6	16/07/2016	19	13	23280.955	197884.406
1	460	1	0	0	1	0.807416103	7	7	16/07/2016	19	13	23280.81	197892.024
1	461	1	0	0	0	0.595068689	4	6	16/07/2016	19	13	23279.589	197881.033
1	462	1	1	1	0	0.705163341	7	7	16/07/2016	19	13	23282.948	197892.046
1	463	1	1	1	5	0.598898024	4	6	16/07/2016	19	13	23279.857	197881.112
1	464	1	0	0	1	0.560586442	4	6	16/07/2016	19	13	23280.289	197880.963
1	465	1	0	0	0	0.561061467	4	6	16/07/2016	19	13	23278.84	197881.414
1	466	0	0	0	0	0.681485856	2	0	16/07/2016	19	13	23275.214	197877.034
1	467	1	1	1	2	0.734668614	2	5	16/07/2016	19	13	23275.57	197877.7
1	468	0	0	0	0	0.681087372	2	0	16/07/2016	19	13	23275.539	197877.068
1	469	1	1	1	0	0.680712611	2	5	16/07/2016	19	13	23274.9355	197876.4095
1	470	1	1	1	1	0.655833154	2	5	16/07/2016	19	13	23272.286	197875.769
1	471	1	0	0	0	0.648156277	2	5	16/07/2016	19	13	23272.708	197875.096
1	472	0	0	0	0	0.618015285	2	0	16/07/2016	19	13	23268.907	197874.225
1	473	0	0	0	0	0.500172358	10	0	16/07/2016	19	13	23262.181	197879.622
1	474	1	0	0	1	0.50942161	10	11	16/07/2016	19	13	23262.941	197880.203
1	475	0	0	0	0	0.569858267	10	0	16/07/2016	19	13	23263.248	197879.968
1	476	0	0	0	0	0.604973271	10	0	16/07/2016	19	13	23263.277	197879.624
1	477	1	0	0	1	0.64456865	10	11	16/07/2016	19	13	23264.643	197880.021
1	478	1	0	0	1	0.627165395	2	5	16/07/2016	19	13	23269.411	197875.917
1	479	1	0	0	1	0.649387014	10	11	16/07/2016	19	13	23262.209	197876.936
1	480	1	0	0	1	0.376309342	3	10	16/07/2016	19	13	23253.21	197875.269
1	481	1	1	1	1	0.605086749	10	11	16/07/2016	19	13	23263.319	197879.656
1	482	1	0	0	2	0.299527927	10	11	16/07/2016	19	13	23262.232	197880.498
1	483	0	0	0	0	0.458925596	10	0	16/07/2016	19	13	23263.698	197880.761
1	484	1	1	1	0	0.89307496	6	8	16/07/2016	19	13	23258.826	197891.702
1	485	1	0	0	0	0.858905967	6	8	16/07/2016	19	13	23259.13	197892.676
1	486	0	0	0	0	0.810344452	6	0	16/07/2016	19	13	23258.821	197893.476
1	487	0	0	0	0	0.767428586	6	0	16/07/2016	19	13	23259.757	197893.507
1	488	1	1	1	3	0.760510353	6	8	16/07/2016	19	13	23258.799	197893.81
1	490	1	0	0	0	0.892293746	6	8	16/07/2016	19	13	23258.732	197891.9
1	491	0	0	0	0	0.767478922	11	0	16/07/2016	19	13	23238.343	197867.414
1	492	1	1	1	1	0.705368054	11	11	16/07/2016	19	13	23238.961	197866.229
1	493	0	0	0	0	0.521157302	11	0	16/07/2016	19	13	23241.009	197865.472
1	494	0	0	0	0	0.596247842	5	0	16/07/2016	19	13	23274.59	197892.398
1	495	0	0	0	0	0.601854056	5	0	16/07/2016	19	13	23274.608	197892.306
1	496	1	1	1	1	0.231709046	8	4	16/07/2016	19	13	23277.399	197884.838
1	497	0	0	0	0	0.210207223	8	0	16/07/2016	19	13	23277.379	197885.28
1	498	1	0	0	1	0.75858615	11	11	17/07/2016	20	14	23238.536	197866.446
1	499	1	0	0	1	0.188006496	3	10	17/07/2016	20	14	23253.753	197870.173
1	500	1	0	0	1	0.119206193	9	2	17/07/2016	20	14	23318.686	197894.138
1	501	1	1	1	0	0.150149362	9	2	17/07/2016	20	14	23316.291	197893.139
1	502	1	1	1	1	0.136965998	9	2	17/07/2016	20	14	23317.449	197893.848
1	503	1	0	0	2	0.194363435	9	2	17/07/2016	20	14	23318.084	197900.363
1	504	1	0	0	0	0.132213594	9	2	17/07/2016	20	14	23316.821	197892.954
1	505	1	0	0	0	0.493586856	10	11	17/07/2016	20	14	23264.147	197875.777
1	506	1	1	1	1	0.4863389	10	11	17/07/2016	20	14	23264.304	197875.683
1	507	0	0	0	0	0.715178101	10	0	17/07/2016	20	14	23267.041	197879.798
1	508	1	0	0	0	0.738417768	10	11	17/07/2016	20	14	23267.375	197878.307
1	509	1	0	0	1	0.532496955	2	5	17/07/2016	20	14	23269.548	197872.826
1	510	0	0	0	0	0.516892891	10	0	17/07/2016	20	14	23259.578	197878.455
1	511	0	0	0	0	0.697486634	10	0	17/07/2016	20	14	23266.084	197880.409
1	512	0	0	0	0	0.890639094	6	0	17/07/2016	20	14	23258.64	197892.008
1	513	1	1	1	1	0.711781194	10	4	17/07/2016	20	14	23269.52	197880.43
1	514	1	0	0	0	0.758482521	6	8	17/07/2016	20	14	23258.705	197893.848
1	515	0	0	0	0	0.615599138	6	0	17/07/2016	20	14	23263.013	197890.025
1	516	1	0	0	2	0.784397899	6	8	17/07/2016	20	14	23260.643	197892.975
1	517	1	0	0	0	0.444826816	6	8	17/07/2016	20	14	23260.307	197894.896
1	518	1	0	0	1	0.648924358	6	8	17/07/2016	20	14	23259.635	197894.367
1	519	1	1	1	1	0.672428532	6	8	17/07/2016	20	14	23260.496	197893.751
1	520	0	0	0	0	0.13366112	5	0	17/07/2016	20	14	23270.539	197894.208
1	521	0	0	0	0	0.435504977	8	0	17/07/2016	20	14	23271.248	197885
1	522	1	0	0	1	0.576687997	8	4	17/07/2016	20	14	23271.863	197883.411
1	523	0	0	0	0	0.225881735	8	0	17/07/2016	20	14	23277.355	197884.937
1	524	1	0	0	1	0.609880394	5	1	17/07/2016	20	14	23274.494	197891.81
1	525	0	0	0	0	0.566279067	5	0	17/07/2016	20	14	23273.092	197891.917
1	526	1	0	0	1	0.637235402	10	11	17/07/2016	20	14	23261.808	197876.816
1	527	0	0	0	0	0.733549727	10	0	17/07/2016	20	14	23265.08	197877.588
1	528	1	0	0	1	0.736039088	11	11	17/07/2016	20	14	23243.634	197867.065
1	529	1	0	0	1	0.477666522	11	11	17/07/2016	20	14	23241.714	197869.743
1	530	1	0	0	1	0.51002469	10	11	17/07/2016	20	14	23265.53	197881.182
1	531	0	0	0	0	0.798691424	6	0	17/07/2016	20	14	23261.44	197891.22
1	532	0	0	0	0	0.709095198	10	0	17/07/2016	20	14	23266.07	197880.088
1	533	0	0	0	0	0.73666586	10	0	17/07/2016	20	14	23266.917	197878.269
1	534	0	0	0	0	0.304204362	1	0	18/07/2016	21	15	23301.282	197887.053
1	535	1	1	1	1	0.157625627	9	2	18/07/2016	21	15	23316.309	197899.267
1	536	0	0	0	0	0.120455984	9	0	18/07/2016	21	15	23320.497	197898.695
1	537	0	0	0	0	0.49435285	4	0	18/07/2016	21	15	23281.656	197886.23
1	538	1	0	0	1	0.585773693	4	6	18/07/2016	21	15	23281.308	197879.956
1	539	1	1	2	1	0.588115487	4	6	18/07/2016	21	15	23280.576	197880.073
1	540	1	0	0	1	0.571256463	4	6	18/07/2016	21	15	23279.033	197881.262
1	541	0	0	0	0	0.5989933	4	0	18/07/2016	21	15	23279.075	197880.788
1	542	1	1	1	1	0.568890428	4	6	18/07/2016	21	15	23278.939	197881.281
1	543	1	1	2	2	0.603597908	8	4	18/07/2016	21	15	23272.847	197881.842
1	544	0	0	0	0	0.587497795	8	0	18/07/2016	21	15	23272.86	197882.124
1	545	1	0	0	1	0.576404201	8	4	18/07/2016	21	15	23271.774	197883.382
1	546	1	0	0	1	0.646441748	8	4	18/07/2016	21	15	23271.792	197881.619
1	547	1	0	0	0	0.541139908	8	4	18/07/2016	21	15	23270.074	197883.098
1	548	1	0	0	1	0.515892331	8	4	18/07/2016	21	15	23270.917	197884.212
1	549	1	0	0	0	0.641343157	2	5	18/07/2016	21	15	23274.354	197872.69
1	550	1	0	0	1	0.639851488	2	5	18/07/2016	21	15	23271.319	197875.571
1	551	0	0	0	0	0.673950507	2	0	18/07/2016	21	15	23272.123	197877.588
1	552	1	0	0	2	0.633040623	2	5	18/07/2016	21	15	23270.003	197875.753
1	553	1	0	0	1	0.626103255	2	5	18/07/2016	21	15	23270.73	197875.155
1	554	1	0	0	3	0.674442969	2	5	18/07/2016	21	15	23272.362	197877.587
1	555	1	1	1	1	0.617830693	11	11	18/07/2016	21	15	23241.347	197867.246
1	556	1	0	0	1	0.632279999	11	11	18/07/2016	21	15	23239.549	197868.343
1	557	0	0	0	0	0.562774828	4	0	18/07/2016	21	15	23280.82	197881.25
1	558	1	0	0	1	0.685419019	5	1	18/07/2016	21	15	23268.981	197890.739
1	559	1	1	1	1	0.441911285	5	1	18/07/2016	21	15	23271.924	197890.076
1	560	1	0	0	0	0.494169566	5	1	18/07/2016	21	15	23269.039	197891.895
1	561	0	0	0	0	0.585677446	5	0	18/07/2016	21	15	23267.069	197891.772
1	562	1	1	1	1	0.680391779	2	5	18/07/2016	21	15	23275.612	197876.547
1	563	1	0	0	1	0.425262508	4	6	18/07/2016	21	15	23283.908	197879.601
1	564	1	0	0	0	0.608628107	4	6	18/07/2016	21	15	23281.554	197884.297
1	565	1	1	1	1	0.464006027	5	1	18/07/2016	21	15	23269.32	197891.923
1	566	1	0	0	0	0.711598034	10	11	18/07/2016	21	15	23265.548	197879.975
1	567	0	0	0	0	0.564354976	4	0	19/07/2016	22	16	23280.959	197881.21
1	568	1	0	0	1	0.566481057	4	6	19/07/2016	22	16	23280.517	197880.84
1	569	1	1	1	1	0.57990053	4	6	19/07/2016	22	16	23282.152	197883.588
1	570	1	0	0	1	0.747070821	7	7	19/07/2016	22	16	23282.37	197892.379
1	571	1	0	0	1	0.784350626	7	7	19/07/2016	22	16	23281.519	197892.306
1	572	1	0	0	1	0.828812108	7	7	19/07/2016	22	16	23281.024	197892.477
1	573	1	0	0	1	0.796792665	7	7	19/07/2016	22	16	23278.888	197893.265
1	574	1	0	0	1	0.428684594	4	6	19/07/2016	22	16	23283.901	197880.064
1	575	0	0	0	0	0.841453912	7	0	19/07/2016	22	16	23280.539	197892.346
1	576	1	0	0	1	0.425867124	4	6	19/07/2016	22	16	23283.831	197879.601
1	577	1	1	1	1	0.626621418	11	11	20/07/2016	23	17	23239.088	197864.909
1	578	1	0	0	2	0.685645638	11	11	20/07/2016	23	17	23238.859	197865.242
1	579	1	0	0	1	0.626817484	11	11	20/07/2016	23	17	23239.292	197864.861
1	580	0	0	0	0	0.748884561	11	0	20/07/2016	23	17	23237.752	197868.057
1	581	1	0	0	2	0.754902815	11	11	20/07/2016	23	17	23238.688	197866.313
1	582	1	1	1	1	0.431357019	4	6	20/07/2016	23	17	23283.131	197880.178
1	583	0	0	0	0	0.562529885	4	0	20/07/2016	23	17	23280.246	197880.848
1	584	1	0	0	1	0.577682791	4	6	20/07/2016	23	17	23281.011	197880.441
1	585	0	0	0	0	0.587140824	4	0	20/07/2016	23	17	23280.087	197881.909
1	586	1	0	0	2	0.439924832	4	6	20/07/2016	23	17	23283.241	197881.084
1	587	1	0	0	1	0.555025401	4	6	20/07/2016	23	17	23280.905	197878.403
1	588	0	0	0	0	0.713196149	2	0	20/07/2016	23	17	23276.76	197873.668
1	589	1	0	0	1	0.728039381	2	5	20/07/2016	23	17	23276.331	197876.994
1	590	1	0	0	0	0.591107664	4	6	20/07/2016	23	17	23280.204	197881.952
1	591	0	0	0	0	0.573533816	4	0	20/07/2016	23	17	23280.269	197882.703
1	592	0	0	0	0	0.274164935	5	0	20/07/2016	23	17	23272.82	197894.122
1	593	1	0	0	1	0.249885663	5	1	20/07/2016	23	17	23272.523	197894.206
1	594	1	0	0	1	0.616598178	6	8	20/07/2016	23	17	23263.322	197890.012
1	595	1	0	0	1	0.858425947	6	8	20/07/2016	23	17	23258.53	197892.409
1	596	1	0	0	0	0.7250211	6	8	20/07/2016	23	17	23258.289	197894.207
1	597	0	0	0	0	0.866647538	6	0	20/07/2016	23	17	23258.884	197892.072
1	598	1	0	0	6	0.813250197	6	8	20/07/2016	23	17	23259.016	197893.379
1	599	0	0	0	0	0.773889253	7	0	20/07/2016	23	17	23279.344	197893.594
1	600	0	0	0	0	0.604582732	11	0	20/07/2016	23	17	23244.564	197868.174
1	601	1	1	1	1	0.072424587	9	2	20/07/2016	23	17	23312.847	197898.918
1	602	0	0	0	0	0.181011303	9	0	20/07/2016	23	17	23319.277	197900.087
1	603	0	0	0	0	0.150921947	9	0	20/07/2016	23	17	23317.059	197893.319
1	604	1	1	2	2	0.128874313	9	2	20/07/2016	23	17	23320.34	197898.553
1	605	1	0	0	1	0.62814789	8	4	20/07/2016	23	17	23276.963	197881.385
1	606	1	0	0	1	0.421485827	4	6	20/07/2016	23	17	23278.666	197882.899
1	607	1	0	0	1	0.747602033	2	5	20/07/2016	23	17	23276.512	197875.187
1	608	1	1	1	3	0.167594278	9	2	20/07/2016	23	17	23318.595	197899.251
1	609	0	0	0	0	0.160167461	9	0	20/07/2016	23	17	23316.152	197899.178
1	610	1	0	0	1	0.835922748	7	7	21/07/2016	24	18	23280.856	197892.392
1	611	1	0	0	1	0.57809064	7	7	21/07/2016	24	18	23283.475	197890.461
1	612	1	1	1	1	0.406136329	7	7	21/07/2016	24	18	23284.622	197892.849
1	613	1	0	0	1	0.646077406	5	1	21/07/2016	24	18	23274.751	197891.01
1	614	1	0	0	0	0.594424977	4	6	21/07/2016	24	18	23278.836	197880.864
1	615	1	0	0	1	0.574831112	4	6	21/07/2016	24	18	23280.446	197880.491
1	616	1	0	0	1	0.631114792	4	6	21/07/2016	24	18	23279.079	197880.205
1	617	1	0	0	1	0.616419926	4	6	21/07/2016	24	18	23280.369	197879.221
1	618	1	0	0	0	0.586925244	4	6	21/07/2016	24	18	23280.458	197882.59
1	619	0	0	0	0	0.579012188	4	0	21/07/2016	24	18	23280.039	197882.18
1	620	1	0	0	1	0.472252638	4	6	21/07/2016	24	18	23280.498	197885.797
1	621	1	1	3	3	0.471221746	4	6	21/07/2016	24	18	23280.514	197885.854
1	622	0	0	0	0	0.80208333	7	0	21/07/2016	24	18	23281.036	197892.172
1	623	1	0	0	1	0.641114939	8	4	21/07/2016	24	18	23272.694	197883.412
1	624	1	1	1	0	0.687201221	5	1	21/07/2016	24	18	23266.357	197890.996
1	625	1	0	0	1	0.619644879	5	1	21/07/2016	24	18	23266.225	197889.843
1	626	1	1	1	0	0.67589405	5	1	21/07/2016	24	18	23265.816	197890.164
1	627	1	0	0	1	0.628848389	6	8	21/07/2016	24	18	23263.989	197890.131
1	628	0	0	0	0	0.854618163	6	0	21/07/2016	24	18	23258.684	197892.696
1	630	0	0	0	0	0.625965154	4	0	21/07/2016	24	18	23281.712	197883.808
1	631	0	0	0	0	0.605190314	5	0	21/07/2016	24	18	23274.603	197891.556
1	632	1	1	1	2	0.69277512	5	1	21/07/2016	24	18	23266.457	197890.98
1	633	0	0	0	0	0.643389472	6	0	21/07/2016	24	18	23263.443	197891.23
1	634	0	0	0	0	0.629094597	11	0	21/07/2016	24	18	23239.085	197865.041
1	635	0	0	0	0	0.735270309	11	0	21/07/2016	24	18	23238.584	197865.41
1	636	1	0	0	1	0.12497062	9	2	21/07/2016	24	18	23312.966	197900.541
1	637	1	0	0	0	0.076795155	9	2	21/07/2016	24	18	23312.691	197899.987
1	638	0	0	0	0	0.179856553	9	0	21/07/2016	24	18	23317.485	197899.429
1	639	1	0	0	1	0.162165006	9	2	21/07/2016	24	18	23316.002	197893.652
1	640	1	1	1	1	0.078381369	9	2	21/07/2016	24	18	23312.982	197899.73
1	641	1	1	1	0	0.189193393	9	2	21/07/2016	24	18	23315.895	197894.011
1	642	0	0	0	0	0.532561693	5	0	21/07/2016	24	18	23269.268	197891.793
1	643	0	0	0	0	0.853538138	6	0	21/07/2016	24	18	23258.139	197892.487
1	644	1	0	0	1	0.625191908	4	6	22/07/2016	25	19	23280.836	197884.552
1	645	1	0	0	0	0.55109284	7	7	22/07/2016	25	19	23284.323	197892.067
1	646	1	0	0	1	0.551813285	7	7	22/07/2016	25	19	23281.578	197888.447
1	647	1	0	0	0	0.170199208	1	3	22/07/2016	25	19	23304.787	197888.834
1	649	1	0	0	1	0.112522739	9	2	22/07/2016	25	19	23320.12	197899.428
1	650	0	0	0	0	0.120936976	9	0	22/07/2016	25	19	23313.209	197900.418
1	651	1	0	0	0	0.830217047	7	7	22/07/2016	25	19	23280.501	197892.816
1	652	0	0	0	0	0.564999537	4	0	22/07/2016	25	19	23281.572	197882.344
1	653	0	0	0	0	0.594761856	4	0	22/07/2016	25	19	23280.324	197879.846
1	654	1	1	1	1	0.563286257	4	6	22/07/2016	25	19	23281.018	197881.328
1	655	1	1	1	2	0.553760777	4	6	22/07/2016	25	19	23280.526	197881.498
1	656	0	0	0	0	0.582823908	4	0	22/07/2016	25	19	23279.976	197877.537
1	657	1	0	0	0	0.463081534	8	4	22/07/2016	25	19	23275.968	197884.974
1	658	1	0	0	0	0.531720005	8	4	22/07/2016	25	19	23275.607	197884.954
1	659	1	0	0	0	0.420989343	8	4	22/07/2016	25	19	23275.925	197885.267
1	660	1	0	0	1	0.742166283	8	4	22/07/2016	25	19	23274.508	197883.123
1	661	1	0	0	1	0.533518645	8	4	22/07/2016	25	19	23276.246	197882.913
1	662	0	0	0	0	0.41420413	8	0	22/07/2016	25	19	23271.418	197885.692
1	663	0	0	0	0	0.574512258	5	0	22/07/2016	25	19	23265.687	197889.544
1	664	1	0	0	1	0.730284382	6	8	22/07/2016	25	19	23262.32	197891.132
1	665	0	0	0	0	0.455433684	3	0	22/07/2016	25	19	23250.279	197868.673
1	666	1	0	0	2	0.563991281	10	11	22/07/2016	25	19	23263.344	197875.952
1	667	0	0	0	0	0.718926494	3	0	22/07/2016	25	19	23254.099	197867.76
1	668	1	0	0	1	0.198115496	3	10	22/07/2016	25	19	23253.667	197870.031
1	669	1	0	0	1	0.161344144	3	10	22/07/2016	25	19	23253.389	197870.041
1	670	1	1	2	0	0.734477009	10	11	22/07/2016	25	19	23264.741	197878.743
1	671	1	0	0	1	0.217135168	3	10	22/07/2016	25	19	23252.561	197869.266
1	672	0	0	0	0	0.167491128	3	0	22/07/2016	25	19	23253.465	197869.964
1	673	1	0	0	1	0.207706047	9	2	22/07/2016	25	19	23318.326	197900.233
1	674	1	0	0	1	0.182796595	9	2	22/07/2016	25	19	23318.19	197900.065
1	675	1	1	1	1	0.707641885	10	11	22/07/2016	25	19	23264.894	197879.925
1	676	1	1	1	1	0.713460574	10	11	22/07/2016	25	19	23265.684	197879.912
1	677	1	0	0	2	0.137719646	9	2	22/07/2016	25	19	23319.288	197899.202
1	678	0	0	0	0	0.487821599	4	0	25/07/2016	28	20	23280.641	197885.725
1	679	0	0	0	0	0.583405713	4	0	25/07/2016	28	20	23280.574	197883.132
1	680	0	0	0	0	0.563414198	4	0	25/07/2016	28	20	23280.786	197881.179
1	681	1	0	0	1	0.598211266	4	6	25/07/2016	28	20	23280.891	197879.727
1	682	0	0	0	0	0.367494384	4	0	25/07/2016	28	20	23278.378	197883.945
1	683	1	0	0	1	0.571665088	4	6	25/07/2016	28	20	23278.701	197881.281
1	684	0	0	0	0	0.594104937	4	0	25/07/2016	28	20	23279.746	197879.795
1	685	0	0	0	0	0.621058939	4	0	25/07/2016	28	20	23279.696	197880.445
1	686	0	0	0	0	0.560598108	4	0	25/07/2016	28	20	23281.346	197881.705
1	687	0	0	0	0	0.688165352	4	0	25/07/2016	28	20	23277.333	197879.564
1	688	0	0	0	0	0.605370849	4	0	25/07/2016	28	20	23278.791	197880.689
1	689	0	0	0	0	0.354333913	4	0	25/07/2016	28	20	23278.342	197884.137
1	690	0	0	0	0	0.383588958	7	0	25/07/2016	28	20	23283.858	197887.879
1	691	1	0	0	0	0.787180312	7	7	25/07/2016	28	20	23280.914	197893.143
1	692	1	0	0	1	0.485931159	4	6	25/07/2016	28	20	23280.966	197886.134
1	693	1	0	0	1	0.514762892	7	7	25/07/2016	28	20	23283.863	197892.729
1	694	1	1	1	1	0.683066606	7	7	25/07/2016	28	20	23282.75	197892.831
1	695	1	0	0	1	0.669842665	7	7	25/07/2016	28	20	23281.21	197893.859
1	696	1	1	1	1	0.426665589	4	6	25/07/2016	28	20	23285.021	197880.191
1	697	1	0	0	2	0.79417633	7	7	25/07/2016	28	20	23279.527	197893.262
1	698	0	0	0	0	0.624403544	7	0	25/07/2016	28	20	23275.82	197892.079
1	699	0	0	0	0	0.682669545	7	0	25/07/2016	28	20	23281.848	197893.549
1	700	0	0	0	0	0.737330577	10	0	25/07/2016	28	20	23264.994	197878.629
1	701	1	1	2	1	0.591566582	8	4	25/07/2016	28	20	23269.68	197882.056
1	702	1	0	0	0	0.731508311	10	11	25/07/2016	28	20	23264.715	197878.901
1	703	1	0	0	1	0.71473154	2	5	25/07/2016	28	20	23273.539	197879.063
1	704	0	0	0	0	0.616491211	8	0	25/07/2016	28	20	23277.106	197881.479
1	705	0	0	0	0	0.60600537	5	0	25/07/2016	28	20	23268.158	197891.681
1	706	1	0	0	1	0.68528005	5	1	25/07/2016	28	20	23268.667	197889.842
1	707	1	1	1	2	0.629678021	5	1	25/07/2016	28	20	23269.862	197890.783
1	708	1	0	0	1	0.596263925	6	8	25/07/2016	28	20	23264.277	197890.032
1	709	1	0	0	0	0.710902855	5	1	25/07/2016	28	20	23266.966	197890.706
1	710	0	0	0	0	0.712357638	5	0	25/07/2016	28	20	23267.26	197890.524
1	711	1	1	1	3	0.661620975	6	8	25/07/2016	28	20	23263.575	197890.82
1	712	1	0	0	1	0.721832536	6	8	25/07/2016	28	20	23263.582	197891.919
1	713	0	0	0	0	0.547965016	5	0	25/07/2016	28	20	23266.717	197892.137
1	714	0	0	0	0	0.131987917	5	0	25/07/2016	28	20	23266.492	197894.352
1	715	0	0	0	0	0.368373727	11	0	25/07/2016	28	20	23239.185	197870.863
1	716	1	0	0	1	0.630492209	11	11	25/07/2016	28	20	23238.107	197868.752
1	717	1	0	0	1	0.128026286	9	2	25/07/2016	28	20	23319.514	197899.363
1	718	1	0	0	0	0.097083779	9	2	25/07/2016	28	20	23313.149	197900.169
1	719	1	0	0	0	0.079724379	9	2	25/07/2016	28	20	23313.452	197899.384
1	720	1	0	0	2	0.144139899	9	2	25/07/2016	28	20	23315.527	197898.878
1	721	1	0	0	1	0.183377055	9	2	25/07/2016	28	20	23316.992	197899.694
1	722	1	0	0	1	0.175604593	9	2	25/07/2016	28	20	23317.126	197900.337
1	723	1	0	0	2	0.174445926	9	2	25/07/2016	28	20	23317.252	197899.434
1	724	1	1	1	1	0.195405691	9	2	25/07/2016	28	20	23316.83	197900.437
1	725	1	1	1	1	0.185315259	9	2	25/07/2016	28	20	23317.06	197900.199
1	726	1	1	1	1	0.151255767	9	2	25/07/2016	28	20	23316.098	197900.292
1	727	1	1	1	2	0.180454688	9	2	25/07/2016	28	20	23316.707	197900.137
1	728	0	0	0	0	0.151842926	9	0	25/07/2016	28	20	23320.431	197898.073
1	729	1	1	1	1	0.153937254	9	2	25/07/2016	28	20	23316.611	197900.452
1	730	1	0	0	0	0.160648395	9	2	25/07/2016	28	20	23318.156	197898.214
1	731	0	0	0	0	0.155384536	9	0	25/07/2016	28	20	23315.982	197899.202
1	732	1	0	0	1	0.696660337	2	5	25/07/2016	28	20	23272.685	197874.923
1	733	1	0	0	0	0.686440292	2	5	25/07/2016	28	20	23273.254	197874.386
1	734	0	0	0	0	0.492496314	10	0	25/07/2016	28	20	23264.364	197875.746
1	735	1	0	0	1	0.657729917	10	11	25/07/2016	28	20	23264.821	197879.846
1	736	0	0	0	0	0.562426444	5	0	25/07/2016	28	20	23267.117	197891.982
1	737	1	0	0	1	0.686866995	4	6	26/07/2016	29	21	23277.224	197879.757
1	738	0	0	0	0	0.538509532	4	0	26/07/2016	29	21	23278.191	197881.044
1	739	1	0	0	0	0.666740722	8	4	26/07/2016	29	21	23277.023	197880.446
1	740	1	0	0	1	0.665411786	4	6	26/07/2016	29	21	23277.599	197880.107
1	741	0	0	0	0	0.715645496	2	0	26/07/2016	29	21	23272.446	197878.735
1	742	1	0	0	1	0.797881764	7	7	26/07/2016	29	21	23278.915	197893.245
1	743	1	1	2	3	0.791593238	7	7	26/07/2016	29	21	23279.177	197893.309
1	744	1	1	1	1	0.775809043	7	7	26/07/2016	29	21	23278.414	197893.026
1	745	1	1	2	2	0.663939655	7	7	26/07/2016	29	21	23277.284	197891.111
1	746	1	0	0	1	0.707238428	7	7	26/07/2016	29	21	23280.707	197893.935
1	747	1	1	1	1	0.738325624	7	7	26/07/2016	29	21	23279.008	197894.038
1	748	1	1	1	1	0.696263702	7	7	26/07/2016	29	21	23277.139	197892.168
1	749	1	1	1	1	0.627121394	7	7	26/07/2016	29	21	23275.55	197892.222
1	750	1	0	0	0	0.667517481	5	1	26/07/2016	29	21	23266.041	197890.514
1	751	1	1	1	1	0.636056793	6	8	26/07/2016	29	21	23263.928	197890.038
1	752	0	0	0	0	0.645681163	6	0	26/07/2016	29	21	23263.194	197890.392
1	753	1	1	1	1	0.668952256	6	8	26/07/2016	29	21	23262.086	197893.272
1	754	1	0	0	1	0.72720502	6	8	26/07/2016	29	21	23261.467	197893.058
1	755	1	0	0	1	0.301495233	6	8	26/07/2016	29	21	23254.24	197895.256
1	756	1	1	1	1	0.130166286	6	8	26/07/2016	29	21	23255.795	197895.647
1	757	1	0	0	0	0.047364185	11	11	26/07/2016	29	21	23241.965	197872.179
1	758	1	0	0	1	0.17251545	11	11	26/07/2016	29	21	23239.666	197871.552
1	759	1	1	1	2	0.379039076	11	11	26/07/2016	29	21	23240.573	197870.633
1	760	0	0	0	0	0.489050814	11	0	26/07/2016	29	21	23241.777	197869.415
1	761	0	0	0	0	0.09584856	11	0	26/07/2016	29	21	23241.369	197871.646
1	762	1	0	0	1	0.492893078	4	6	28/07/2016	31	22	23280.856	197885.94
1	763	1	0	0	1	0.636543832	7	7	28/07/2016	31	22	23276.619	197892.338
1	764	0	0	0	0	0.329280265	5	0	28/07/2016	31	22	23265.753	197893.43
1	765	1	1	1	1	0.822017226	6	8	28/07/2016	31	22	23260.605	197892.535
1	766	1	0	0	1	0.730018024	6	8	28/07/2016	31	22	23261.467	197893.302
1	767	1	0	0	1	0.698316999	6	8	28/07/2016	31	22	23262.088	197890.795
1	768	1	0	0	1	0.769366551	6	8	28/07/2016	31	22	23259.095	197893.577
1	769	1	1	1	1	0.855916213	6	8	28/07/2016	31	22	23259.694	197892.727
1	770	1	0	0	0	0.15605794	9	2	28/07/2016	31	22	23316.391	197893.927
1	771	1	1	1	1	0.104992182	9	2	28/07/2016	31	22	23314.039	197898.788
1	772	1	0	0	1	0.420066594	1	3	28/07/2016	31	22	23298.855	197886.128
1	773	1	0	0	1	0.654445108	10	11	28/07/2016	31	22	23264.816	197879.931
1	774	0	0	0	0	0.633702633	8	0	28/07/2016	31	22	23270.861	197881.801
1	775	0	0	0	0	0.655348798	5	0	28/07/2016	31	22	23266.673	197891.676
1	776	0	0	0	0	0.648817417	5	0	28/07/2016	31	22	23266.924	197891.712
1	777	0	0	0	0	0.620396528	5	0	28/07/2016	31	22	23266.178	197892.11
1	778	1	0	0	1	0.074761807	5	1	28/07/2016	31	22	23268.808	197893.792
1	779	1	0	0	1	0.223377465	5	1	28/07/2016	31	22	23266.463	197893.837
1	780	0	0	0	0	0.529820786	6	0	28/07/2016	31	22	23265.068	197892.955
1	781	0	0	0	0	0.538915874	5	0	28/07/2016	31	22	23265.39	197892.687
1	782	0	0	0	0	0.823299652	6	0	28/07/2016	31	22	23259.317	197892.962
1	783	1	0	0	1	0.55074593	5	1	28/07/2016	31	22	23273.968	197892.42
1	784	0	0	0	0	0.709558412	8	0	28/07/2016	31	22	23276.82	197879.245
1	785	0	0	0	0	0.35944555	10	0	28/07/2016	31	22	23257.225	197877.133
1	786	1	0	0	1	0.336462565	11	11	28/07/2016	31	22	23244.689	197869.799
1	788	1	0	0	1	0.724322948	11	11	28/07/2016	31	22	23243.569	197867.652
1	789	1	0	0	1	0.166393138	9	2	28/07/2016	31	22	23316.308	197900.595
1	790	1	1	1	1	0.163003482	9	2	1/08/2016	35	23	23318.72	197899.337
1	791	1	0	0	0	0.148296917	9	2	1/08/2016	35	23	23319.113	197898.962
1	792	1	0	0	0	0.162282818	9	2	1/08/2016	35	23	23316.829	197899.388
1	793	0	1	1	0	0.145461652	9	0	1/08/2016	35	23	23315.985	197899.895
1	794	1	0	0	0	0.165213478	9	2	1/08/2016	35	23	23319.316	197899.817
1	795	0	0	0	0	0.136251201	9	0	1/08/2016	35	23	23320.515	197898.283
1	796	0	0	0	0	0.176994207	1	0	1/08/2016	35	23	23305.144	197888.761
1	797	0	0	0	0	0.557031388	1	0	1/08/2016	35	23	23297.569	197881.64
1	798	1	0	0	0	0.595220499	4	6	1/08/2016	35	23	23277.471	197881.546
1	799	1	0	0	1	0.524605831	4	6	1/08/2016	35	23	23283.267	197883.171
1	800	1	0	0	0	0.437375096	4	6	1/08/2016	35	23	23283.042	197880.813
1	801	1	0	0	1	0.681243492	8	4	1/08/2016	35	23	23276.838	197880.259
1	802	0	0	0	0	0.6297077	4	0	1/08/2016	35	23	23281.131	197884.783
1	803	0	0	0	0	0.448597518	4	0	1/08/2016	35	23	23280.606	197887.067
1	804	1	0	0	2	0.824499072	7	7	1/08/2016	35	23	23280.283	197892.912
1	805	1	0	0	1	0.379905738	7	7	1/08/2016	35	23	23282.882	197893.79
1	806	0	0	0	0	0.607639561	8	0	1/08/2016	35	23	23272.756	197884.037
1	807	1	0	0	2	0.630319203	8	4	1/08/2016	35	23	23275.741	197884.016
1	808	1	1	1	1	0.645346858	8	4	1/08/2016	35	23	23275.231	197884.299
1	809	1	1	1	1	0.637965764	8	4	1/08/2016	35	23	23275.399	197884.33
1	810	1	0	0	0	0.505079833	8	4	1/08/2016	35	23	23275.316	197885.108
1	811	1	1	1	3	0.745938632	7	7	1/08/2016	35	23	23282.379	197892.391
1	812	1	0	0	1	0.583415682	7	7	1/08/2016	35	23	23276.371	197892.941
1	813	1	1	1	1	0.619670093	7	7	1/08/2016	35	23	23276.732	197892.499
1	814	1	0	0	1	0.684368639	7	7	1/08/2016	35	23	23276.993	197892.346
1	815	1	1	1	1	0.701604134	7	7	1/08/2016	35	23	23277.058	197892.099
1	816	1	1	2	1	0.612552739	7	7	1/08/2016	35	23	23276.916	197893.229
1	817	1	0	0	0	0.284753069	5	1	1/08/2016	35	23	23273.055	197894.105
1	818	1	0	0	1	0.069026657	5	1	1/08/2016	35	23	23268.705	197893.942
1	819	1	0	0	1	0.636457932	5	1	1/08/2016	35	23	23266.908	197891.833
1	820	0	0	0	0	0.670382589	5	0	1/08/2016	35	23	23268.736	197890.064
1	821	1	1	1	1	0.64934128	7	7	1/08/2016	35	23	23277.069	197892.789
1	822	0	0	0	0	0.760299109	6	0	1/08/2016	35	23	23262.298	197892.466
1	823	1	0	0	1	0.709660359	5	1	1/08/2016	35	23	23267.377	197891.053
1	824	1	1	1	2	0.661356138	6	8	1/08/2016	35	23	23258.6	197894.412
1	825	1	0	0	1	0.388530149	10	11	1/08/2016	35	23	23260.944	197875.447
1	826	1	0	0	1	0.640314798	10	11	1/08/2016	35	23	23265.131	197876.132
1	827	1	0	0	1	0.723715614	2	5	1/08/2016	35	23	23271.804	197877.615
1	828	1	0	0	1	0.641992633	10	11	1/08/2016	35	23	23260.317	197876.647
1	829	0	0	0	0	0.565560867	8	0	1/08/2016	35	23	23273.439	197885.129
1	830	1	0	0	1	0.225871383	6	8	1/08/2016	35	23	23253.373	197896.732
1	831	1	1	1	1	0.721166647	2	5	1/08/2016	35	23	23270.915	197878.707
1	832	1	0	0	1	0.594848278	4	6	1/08/2016	35	23	23279.471	197880.981
1	833	1	0	0	1	0.593241275	4	6	1/08/2016	35	23	23280.784	197879.906
1	834	1	0	0	1	0.484485311	8	4	1/08/2016	35	23	23275.38	197885.254
1	835	0	0	0	0	0.638011861	8	0	1/08/2016	35	23	23275.714	197884.299
1	836	1	1	1	0	0.160805998	9	2	4/08/2016	38	24	23318.992	197899.359
1	837	1	0	0	0	0.147819759	9	2	4/08/2016	38	24	23319.121	197898.974
1	838	1	0	0	1	0.641872694	6	8	4/08/2016	38	24	23264.601	197890.615
1	839	0	0	0	0	0.729871653	11	0	4/08/2016	38	24	23243.325	197867.4
1	840	0	0	0	0	0.564622764	4	0	4/08/2016	38	24	23281.392	197882.914
1	841	1	1	1	0	0.291510423	5	1	4/08/2016	38	24	23271.144	197887.348
1	842	0	0	0	0	0.831360634	3	0	4/08/2016	38	24	23254.969	197866.921
1	843	0	0	0	0	0.178650531	7	0	4/08/2016	38	24	23283.878	197894.079
1	844	1	0	0	1	0.125813325	1	3	4/08/2016	38	24	23295.046	197893.431
1	845	0	0	0	0	0.517761236	4	0	4/08/2016	38	24	23284.9	197874.719
1	846	0	0	0	0	0.641654931	6	0	4/08/2016	38	24	23263.916	197889.998
1	847	1	0	0	1	0.621854844	6	8	4/08/2016	38	24	23263.092	197889.916
1	848	0	0	0	0	0.191192936	6	0	4/08/2016	38	24	23253.718	197897.422
1	849	0	0	0	0	0.22834308	6	0	4/08/2016	38	24	23253.354	197896.927
1	850	0	0	0	0	0.283332558	11	0	4/08/2016	38	24	23247.051	197870.306
1	851	0	0	0	0	0.724285457	3	0	4/08/2016	38	24	23256.729	197867.583
1	852	1	0	0	0	0.569966889	4	6	4/08/2016	38	24	23281.804	197882.56
1	853	0	0	0	0	0.502726901	7	0	4/08/2016	38	24	23284.604	197891.77
1	854	0	0	0	0	0.374170675	7	0	4/08/2016	38	24	23286.084	197891.376
1	855	1	0	0	0	0.170819344	9	2	4/08/2016	38	24	23316.796	197899.796
1	856	1	0	0	1	0.127353656	9	2	4/08/2016	38	24	23315.784	197900.117
1	857	0	0	0	0	0.668567925	5	0	4/08/2016	38	24	23267.487	197891.303
1	858	1	0	0	0	0.291283844	5	1	4/08/2016	38	24	23268.705	197892.819
1	859	1	0	0	1	0.473620252	5	1	4/08/2016	38	24	23268.26	197892.174
1	860	0	0	0	0	0.624444599	11	0	4/08/2016	38	24	23241.969	197868.144
1	861	0	0	0	0	0.829167889	6	0	4/08/2016	38	24	23260.003	197890.303
1	862	0	0	0	0	0.162532576	1	0	5/08/2016	39	25	23294.53	197893.389
1	863	0	0	0	0	0.591517029	4	0	5/08/2016	39	25	23281.303	197885.455
1	864	1	0	0	1	0.731147138	2	5	5/08/2016	39	25	23275.32	197878.882
1	865	1	1	1	0	0.563973084	10	11	5/08/2016	39	25	23262.997	197875.983
1	866	1	0	0	1	0.705989682	3	10	5/08/2016	39	25	23257.854	197866.304
1	867	1	1	1	1	0.652152037	10	11	5/08/2016	39	25	23264.937	197880.03
1	868	1	0	0	0	0.536043279	8	4	5/08/2016	39	25	23275.575	197884.932
1	869	0	0	0	0	0.529150471	8	0	5/08/2016	39	25	23276.267	197884.454
1	870	0	0	0	0	0.858401433	6	0	5/08/2016	39	25	23259.721	197892.274
1	871	0	0	0	0	0.711848592	6	0	5/08/2016	39	25	23260.605	197889.764
1	872	1	1	1	1	0.831316225	6	8	5/08/2016	39	25	23260.479	197892.675
1	873	0	0	0	0	0.843637622	7	0	5/08/2016	39	25	23280.234	197892.414
1	874	1	0	0	0	0.209061714	9	2	5/08/2016	39	25	23317.771	197900.148
1	875	1	0	0	2	0.694111607	7	7	5/08/2016	39	25	23282.233	197893.13
1	876	1	1	1	2	0.180591182	9	2	5/08/2016	39	25	23318.079	197900.076
1	877	0	0	0	0	0.639657845	5	0	5/08/2016	39	25	23265.617	197890.003
1	878	1	0	0	0	0.474196511	11	11	5/08/2016	39	25	23245.896	197868.377
1	879	0	0	0	0	0.180233728	3	0	5/08/2016	39	25	23251.931	197869.712
1	880	0	0	0	0	0.42707857	8	0	5/08/2016	39	25	23271.423	197885.257
1	881	0	0	0	0	0.273047785	1	0	5/08/2016	39	25	23295.471	197891.389
1	882	0	0	0	0	0.157567356	9	0	5/08/2016	39	25	23317.016	197899.015
1	883	1	0	0	0	0.49950964	2	6	6/08/2016	40	26	23284.431	197871.526
1	884	1	0	0	1	0.596334061	4	6	6/08/2016	40	26	23280.695	197879.798
1	885	0	0	0	0	0.434217832	4	0	6/08/2016	40	26	23282.717	197880.195
1	886	0	0	0	0	0.587612871	4	0	6/08/2016	40	26	23281.321	197885.523
1	887	0	0	0	0	0.599565409	7	0	6/08/2016	40	26	23283.034	197889.852
1	888	1	1	1	1	0.698107346	7	7	6/08/2016	40	26	23277.369	197892.849
1	889	1	0	0	1	0.760381943	6	8	6/08/2016	40	26	23258.747	197893.806
1	890	1	0	0	0	0.575678429	10	11	6/08/2016	40	26	23263.286	197879.947
1	891	0	0	0	0	0.65731018	10	0	6/08/2016	40	26	23260.746	197877.012
1	893	1	1	1	1	0.154730814	9	2	6/08/2016	40	26	23316.546	197893.066
1	894	0	0	0	0	0.107188106	7	0	6/08/2016	40	26	23291.469	197895.019
1	895	0	0	0	0	0.673840016	6	0	6/08/2016	40	26	23264.965	197890.411
1	896	1	0	0	0	0.462186935	4	6	6/08/2016	40	26	23280.162	197885.222
1	897	1	0	0	1	0.661108157	6	8	6/08/2016	40	26	23262.163	197893.403
1	898	1	1	1	2	0.690723936	6	8	6/08/2016	40	26	23261.881	197893.347
1	899	0	0	0	0	0.579841912	6	0	6/08/2016	40	26	23263.303	197893.447
1	900	1	0	0	0	0.724934936	8	4	6/08/2016	40	26	23275.023	197879.877
1	901	1	1	1	1	0.646169063	10	11	6/08/2016	40	26	23263.868	197879.481
1	902	0	0	0	0	0.702614128	8	0	6/08/2016	40	26	23275.951	197880.899
1	903	0	0	0	0	0.174960008	9	0	6/08/2016	40	26	23317.442	197898.514
1	904	1	1	1	1	0.239086073	11	11	6/08/2016	40	26	23241.739	197870.922
1	906	0	0	0	0	0.703890236	11	0	6/08/2016	40	26	23246.479	197865.965
1	907	0	0	0	0	0.729718225	8	0	6/08/2016	40	26	23275.466	197879.444
1	908	1	0	0	1	0.449284082	4	6	6/08/2016	40	26	23280.628	197887.07
1	909	1	1	1	0	0.164124922	1	3	6/08/2016	40	26	23304.826	197888.951
1	910	1	0	0	1	0.174128393	1	3	6/08/2016	40	26	23304.733	197888.773
1	911	0	0	0	0	0.47049638	4	0	6/08/2016	40	26	23280.983	197886.49
1	912	0	0	0	0	0.550879949	6	0	6/08/2016	40	26	23263.86	197893.7
1	913	1	0	0	1	0.635977795	10	11	7/08/2016	41	27	23259.859	197877.935
1	914	0	0	0	0	0.246856381	6	0	6/08/2016	40	26	23253.444	197895.767
1	915	1	0	0	0	0.557170779	4	6	7/08/2016	41	27	23280.995	197881.785
1	916	0	0	0	0	0.696458524	7	0	7/08/2016	41	27	23282.046	197893.427
1	917	1	0	0	0	0.149094148	9	2	7/08/2016	41	27	23316.503	197894.208
1	918	0	0	0	0	0.66996329	5	0	7/08/2016	41	27	23269.064	197890.913
1	920	0	0	0	0	0.819263718	3	0	7/08/2016	41	27	23255.754	197867.441
1	921	0	0	0	0	0.637694408	4	0	7/08/2016	41	27	23280.868	197884.273
1	922	0	0	0	0	0.440102999	5	0	7/08/2016	41	27	23274.764	197893.307
1	923	1	0	0	2	0.636888123	7	7	12/08/2016	46	28	23275.593	197891.353
1	924	1	0	0	1	0.626401659	4	6	12/08/2016	46	28	23280.89	197884.615
1	925	0	0	0	0	0.494576619	3	0	12/08/2016	46	28	23254.97	197875.633
1	926	1	0	0	0	0.167420681	9	2	12/08/2016	46	28	23317.435	197898.608
1	927	0	0	0	0	0.647624851	2	0	12/08/2016	46	28	23269.218	197876.865
1	928	0	0	0	0	0.726296695	3	0	12/08/2016	46	28	23249.218	197867.16
1	929	1	1	1	1	0.703309361	11	10	12/08/2016	46	28	23247.393	197864.512
1	930	1	0	0	0	0.769409092	11	11	12/08/2016	46	28	23238.499	197867.278
1	931	0	0	0	0	0.583424213	11	0	12/08/2016	46	28	23240.263	197868.722
1	932	0	0	0	0	0.635398746	3	0	12/08/2016	46	28	23251.225	197866.73
1	933	1	0	0	1	0.472663882	11	9	12/08/2016	46	28	23245.931	197868.404
1	934	1	0	0	1	0.736965485	3	10	12/08/2016	46	28	23248.391	197866.784
1	935	0	0	0	0	0.491829319	11	0	12/08/2016	46	28	23245.628	197868.029
1	936	1	1	1	1	0.566562469	3	10	12/08/2016	46	28	23252.511	197866.748
1	937	0	0	0	0	0.4869759	11	0	12/08/2016	46	28	23245.717	197868.12
1	938	0	0	0	0	0.739162469	10	0	12/08/2016	46	28	23264.777	197878.476
1	939	0	0	0	0	0.663233088	2	0	12/08/2016	46	28	23277.687	197877.851
1	940	0	0	0	0	0.60316095	4	0	12/08/2016	46	28	23281.747	197884.447
1	941	1	0	0	0	0.637959709	5	7	12/08/2016	46	28	23275.291	197890.939
1	942	0	0	0	0	0.639180904	11	0	12/08/2016	46	28	23246.306	197864.188
1	943	1	0	0	1	0.494148111	3	10	12/08/2016	46	28	23251.01	197868.043
1	944	0	0	0	0	0.647537804	11	0	12/08/2016	46	28	23238.502	197868.815
1	945	0	0	0	0	0.754146245	3	0	12/08/2016	46	28	23247.945	197865.707
1	946	1	0	0	1	0.65772925	7	7	12/08/2016	46	28	23276.947	197891.927
1	947	0	0	0	0	0.724169165	3	0	12/08/2016	46	28	23249.825	197867.113
1	948	1	0	0	1	0.495413787	1	3	12/08/2016	46	28	23300.317	197885.699
1	949	0	0	0	0	0.543768203	1	0	12/08/2016	46	28	23300.171	197884.969
1	950	1	0	0	1	0.815474657	7	7	12/08/2016	46	28	23280.305	197892.726
1	951	1	0	0	0	0.62047251	10	11	12/08/2016	46	28	23261.281	197878.435
1	952	0	0	0	0	0.773862837	10	0	12/08/2016	46	28	23263.648	197878.434
1	953	1	0	0	0	0.815022525	7	7	13/08/2016	47	29	23280.326	197891.879
1	954	0	0	0	0	0.643667774	3	0	13/08/2016	47	29	23251.506	197866.437
1	955	0	0	0	0	0.75523713	7	0	13/08/2016	47	29	23281.561	197891.568
1	956	0	0	0	0	0.644408497	8	0	13/08/2016	47	29	23275.363	197884.301
1	957	0	0	0	0	0.416708866	8	0	13/08/2016	47	29	23276.336	197884.759
1	958	0	0	0	0	0.803372001	7	0	13/08/2016	47	29	23281.126	197892.033
1	959	1	0	0	0	0.471851759	4	6	13/08/2016	47	29	23280.706	197886.15
1	960	1	0	0	0	0.199354459	9	2	13/08/2016	47	29	23317.557	197900.215
1	961	1	1	1	0	0.128597709	9	2	13/08/2016	47	29	23319.15	197898.726
1	962	0	0	0	0	0.124576447	9	0	13/08/2016	47	29	23320.073	197898.351
1	963	0	0	0	0	0.512778148	5	0	13/08/2016	47	29	23270.824	197890.491
1	964	1	1	1	1	0.627401776	8	4	13/08/2016	47	29	23273.034	197881.271
1	965	0	0	0	0	0.753670823	3	0	13/08/2016	47	29	23248.381	197864.931
1	966	1	0	0	0	0.620980318	3	10	13/08/2016	47	29	23253.407	197867.632
1	967	1	0	0	0	0.71337412	8	4	13/08/2016	47	29	23276.649	197879.293
1	968	1	0	0	0	0.733933538	2	5	13/08/2016	47	29	23277.02	197874.658
1	969	0	0	0	0	0.563579988	4	0	13/08/2016	47	29	23281.329	197881.248
1	970	0	0	0	0	0.596992261	4	0	13/08/2016	47	29	23280.882	197883.582
1	971	0	0	0	0	0.824142188	6	0	13/08/2016	47	29	23259.448	197892.985
1	972	1	1	1	1	0.587088751	4	6	13/08/2016	47	29	23281.279	197885.53
1	973	1	1	1	1	0.575119524	5	1	13/08/2016	47	29	23274.607	197890.584
1	974	1	0	0	1	0.555508457	5	1	13/08/2016	47	29	23270.579	197890.852
1	975	0	0	0	0	0.718012251	3	0	13/08/2016	47	29	23256.623	197867.733
1	976	0	0	0	0	0.73433234	2	0	13/08/2016	47	29	23275.775	197877.921
1	977	0	0	0	0	0.619253834	11	0	13/08/2016	47	29	23243.175	197864.081
1	978	0	0	0	0	0.700210627	11	0	13/08/2016	47	29	23245.379	197866.076
1	979	0	0	0	0	0.565818928	1	0	13/08/2016	47	29	23301.11	197885.095
1	980	0	0	0	0	0.126318238	9	0	13/08/2016	47	29	23320.191	197898.796
1	981	1	0	0	0	0.140261675	9	2	13/08/2016	47	29	23319.616	197898.279
1	982	0	0	0	0	0.646662745	2	0	13/08/2016	47	29	23270.031	197876.559
1	983	0	0	0	0	0.691341918	10	0	13/08/2016	47	29	23267.503	197878.16
1	984	0	0	0	0	0.718451679	10	0	13/08/2016	47	29	23267.288	197879.571
1	985	1	0	0	1	0.781036778	10	11	13/08/2016	47	29	23264.566	197877.846
1	986	1	1	1	2	0.734871253	10	11	13/08/2016	47	29	23264.696	197878.688
1	987	1	0	0	1	0.706483591	10	11	13/08/2016	47	29	23267.536	197880.033
1	988	1	0	0	0	0.725233408	10	11	13/08/2016	47	29	23264.883	197879.267
1	989	0	0	0	0	0.722723755	3	0	12/08/2016	46	28	23249.404	197867.237
1	990	1	1	2	2	0.48259868	4	6	15/08/2016	49	30	23280.181	197884.883
1	991	0	0	0	0	0.595965426	7	0	15/08/2016	49	30	23283.821	197891.398
1	992	0	0	0	0	0.563197005	7	0	15/08/2016	49	30	23284.123	197891.995
1	993	0	0	0	0	0.304030217	1	0	15/08/2016	49	30	23303.082	197887.198
1	994	1	0	0	0	0.475774765	4	6	15/08/2016	49	30	23280.427	197885.546
1	995	0	0	0	0	0.455605262	7	0	15/08/2016	49	30	23280.694	197887.55
1	996	0	0	0	0	0.709617318	10	0	15/08/2016	49	30	23262.171	197877.875
1	997	1	1	1	0	0.694647696	2	5	15/08/2016	49	30	23274.078	197874.735
1	998	1	0	0	1	0.659858107	2	5	15/08/2016	49	30	23272.117	197876.166
1	999	0	0	0	0	0.762402345	7	0	15/08/2016	49	30	23281.526	197893.248
1	1000	1	0	0	1	0.729630146	8	4	15/08/2016	49	30	23274.933	197883.576
1	1001	0	0	0	0	0.738691213	10	0	15/08/2016	49	30	23264.771	197878.492
1	1002	0	0	0	0	0.731760376	8	0	15/08/2016	49	30	23274.721	197883.444
1	1003	1	0	0	0	0.580873392	4	6	15/08/2016	49	30	23280.693	197883.718
1	1004	0	0	0	0	0.200386533	1	0	15/08/2016	49	30	23304.774	197888.344
1	1005	0	0	0	0	0.220416962	5	0	15/08/2016	49	30	23270.724	197893.479
1	1006	1	0	0	1	0.149730535	9	2	15/08/2016	49	30	23317.483	197898.832
1	1007	0	0	0	0	0.698312457	11	0	15/08/2016	49	30	23246.816	197864.412
1	1008	1	1	1	1	0.168236313	9	2	15/08/2016	49	30	23316.042	197892.73
1	1009	1	0	0	1	0.138609757	9	2	15/08/2016	49	30	23318.987	197899.163
1	1010	1	0	0	1	0.187891554	9	2	15/08/2016	49	30	23319.233	197900.434
1	1011	1	0	0	0	0.269889214	1	3	15/08/2016	49	30	23299.961	197887.094
1	1012	1	1	1	1	0.506060523	1	3	15/08/2016	49	30	23300.382	197885.606
1	1013	0	0	0	0	0.847278595	6	0	15/08/2016	49	30	23258.327	197892.905
1	1014	0	0	0	0	0.173195907	11	0	15/08/2016	49	30	23244.536	197883.64
1	1015	0	0	0	0	0.677187591	11	0	15/08/2016	49	30	23242.467	197867.77
1	1016	1	0	0	1	0.573744381	4	6	15/08/2016	49	30	23280.106	197882.481
1	1017	0	0	0	0	0.349429783	8	0	15/08/2016	49	30	23271.036	197885.721
1	1018	0	0	0	0	0.766098926	7	0	15/08/2016	49	30	23280.966	197891.52
